   1.59063685     -0.918354571     -0.649374723    
   3.20456660E-12   1.83670914     -0.649374723    
   3.20460217E-12   3.20456812E-12   1.94812429    
           2           1           1
   0.00000000       0.00000000       0.00000000    
              (-16.169481905445998,0.0000000000000000)   1.0000000000000000     
     0     0     0  (   0.849780E-10 ,   0.445408E-09 )
     1     0     0  (  -0.899169E-02 ,  -0.502811E-01 )
     2     0     0  (  -0.603019E-02 ,  -0.359399E-01 )
     3     0     0  (  -0.176704E-02 ,  -0.925420E-02 )
     4     0     0  (  -0.143078E-03 ,  -0.451138E-03 )
     5     0     0  (   0.181800E-04 ,   0.114058E-03 )
     6     0     0  (  -0.756429E-05 ,  -0.361417E-04 )
    -6     0     0  (  -0.631927E-05 ,  -0.363800E-04 )
    -5     0     0  (   0.252320E-04 ,   0.112708E-03 )
    -4     0     0  (  -0.336634E-04 ,  -0.472084E-03 )
    -3     0     0  (  -0.177588E-02 ,  -0.925250E-02 )
    -2     0     0  (  -0.767036E-02 ,  -0.356259E-01 )
    -1     0     0  (  -0.102151E-01 ,  -0.500469E-01 )
     0     1     0  (  -0.898714E-02 ,  -0.502556E-01 )
     1     1     0  (   0.496485E-02 ,  -0.950403E-03 )
     2     1     0  (  -0.171517E-02 ,  -0.905631E-02 )
     3     1     0  (  -0.155487E-02 ,  -0.624801E-02 )
     4     1     0  (  -0.172177E-03 ,  -0.860888E-03 )
     5     1     0  (   0.323676E-04 ,   0.122652E-03 )
     6     1     0  (  -0.265679E-05 ,  -0.257342E-04 )
    -6     1     0  (  -0.154338E-05 ,  -0.155797E-04 )
    -5     1     0  (   0.186618E-05 ,   0.104600E-04 )
    -4     1     0  (   0.544401E-04 ,   0.213159E-03 )
    -3     1     0  (  -0.911686E-03 ,  -0.449748E-02 )
    -2     1     0  (  -0.578754E-02 ,  -0.289199E-01 )
    -1     1     0  (  -0.134282E-01 ,  -0.701456E-01 )
     0     2     0  (  -0.602715E-02 ,  -0.359216E-01 )
     1     2     0  (  -0.171200E-02 ,  -0.904060E-02 )
     2     2     0  (  -0.848916E-03 ,   0.162553E-03 )
     3     2     0  (  -0.279371E-03 ,  -0.133337E-02 )
     4     2     0  (   0.337206E-04 ,  -0.302524E-03 )
     5     2     0  (   0.173362E-04 ,   0.886814E-04 )
     6     2     0  (  -0.113015E-05 ,  -0.119432E-04 )
    -5     2     0  (  -0.116393E-04 ,  -0.480350E-04 )
    -4     2     0  (   0.291879E-04 ,   0.152568E-03 )
    -3     2     0  (  -0.590284E-04 ,  -0.268924E-03 )
    -2     2     0  (  -0.159061E-02 ,  -0.830884E-02 )
    -1     2     0  (  -0.530210E-02 ,  -0.290076E-01 )
     0     3     0  (  -0.176615E-02 ,  -0.924950E-02 )
     1     3     0  (  -0.155357E-02 ,  -0.624154E-02 )
     2     3     0  (  -0.278879E-03 ,  -0.133070E-02 )
[sshepar2@spiedie81 bin]$ WaveTransPlot -f WAVECAR -s 1 -k 1 -b 1
   0.00000000      -6.93295554E-09   9.77631487E-09
   5.88235296E-02  -4.18882258E-02   5.38062491E-02
  0.117647059     -0.121897988      0.156580374    
  0.176470593     -0.159686163      0.205120012    
  0.235294119     -0.128782004      0.165423006    
  0.294117659      -7.25032836E-02   9.31318998E-02
  0.352941185      -3.55527736E-02   4.56682406E-02
  0.411764711      -1.92663278E-02   2.47479789E-02
  0.470588237      -1.33576123E-02   1.71581171E-02
  0.529411793      -1.39222173E-02   1.78833604E-02
  0.588235319      -2.08455976E-02   2.67765783E-02
  0.647058845      -3.77972536E-02   4.85513099E-02
  0.705882370      -7.49056488E-02   9.62177739E-02
  0.764705896     -0.130829334      0.168052852    
  0.823529422     -0.161022767      0.206836909    
  0.882352948     -0.122476444      0.157323390    
  0.941176474      -4.19964120E-02   5.39452173E-02
[sshepar2@spiedie81 bin]$ cat GCOEFF.txt 
   1.59063685     -0.918354571     -0.649374723    
   3.20456660E-12   1.83670914     -0.649374723    
   3.20460217E-12   3.20456812E-12   1.94812429    
           1           1           1
   0.00000000       0.00000000       0.00000000    
              (-16.169481905672843,0.0000000000000000)   1.0000000000000000     
     0     0     0  (   0.279261E-09 ,  -0.358392E-09 )
     1     0     0  (  -0.318665E-01 ,   0.399193E-01 )
     2     0     0  (  -0.230393E-01 ,   0.282351E-01 )
     3     0     0  (  -0.579106E-02 ,   0.743140E-02 )
     4     0     0  (  -0.244762E-03 ,   0.405076E-03 )
     5     0     0  (   0.737482E-04 ,  -0.888867E-04 )
     6     0     0  (  -0.221792E-04 ,   0.295214E-04 )
    -6     0     0  (  -0.231795E-04 ,   0.287427E-04 )
    -5     0     0  (   0.680825E-04 ,  -0.932976E-04 )
    -4     0     0  (  -0.332667E-03 ,   0.336642E-03 )
    -3     0     0  (  -0.578396E-02 ,   0.743693E-02 )
    -2     0     0  (  -0.217215E-01 ,   0.292610E-01 )
    -1     0     0  (  -0.308836E-01 ,   0.406845E-01 )
     0     1     0  (  -0.318504E-01 ,   0.398991E-01 )
     1     1     0  (  -0.398872E-02 ,  -0.310531E-02 )
     2     1     0  (  -0.567652E-02 ,   0.726191E-02 )
     3     1     0  (  -0.367122E-02 ,   0.528935E-02 )
     4     1     0  (  -0.533582E-03 ,   0.697179E-03 )
     5     1     0  (   0.708519E-04 ,  -0.105219E-03 )
     6     1     0  (  -0.175923E-04 ,   0.189687E-04 )
    -6     1     0  (  -0.106935E-04 ,   0.114349E-04 )
    -5     1     0  (   0.663206E-05 ,  -0.830122E-05 )
    -4     1     0  (   0.124329E-03 ,  -0.181500E-03 )
    -3     1     0  (  -0.277952E-02 ,   0.365139E-02 )
    -2     1     0  (  -0.179224E-01 ,   0.234231E-01 )
    -1     1     0  (  -0.438729E-01 ,   0.563548E-01 )
     0     2     0  (  -0.230276E-01 ,   0.282208E-01 )
     1     2     0  (  -0.566680E-02 ,   0.724916E-02 )
     2     2     0  (   0.682049E-03 ,   0.530931E-03 )
     3     2     0  (  -0.818059E-03 ,   0.108936E-02 )
     4     2     0  (  -0.249647E-03 ,   0.174166E-03 )
     5     2     0  (   0.552292E-04 ,  -0.715168E-04 )
     6     2     0  (  -0.823238E-05 ,   0.872604E-05 )
    -5     2     0  (  -0.284320E-04 ,   0.404282E-04 )
    -4     2     0  (   0.954366E-04 ,  -0.122559E-03 )
    -3     2     0  (  -0.163223E-03 ,   0.221727E-03 )
    -2     2     0  (  -0.519679E-02 ,   0.667532E-02 )
    -1     2     0  (  -0.183084E-01 ,   0.231160E-01 )
     0     3     0  (  -0.578812E-02 ,   0.742763E-02 )
     1     3     0  (  -0.366722E-02 ,   0.528409E-02 )
     2     3     0  (  -0.816376E-03 ,   0.108723E-02 )
     3     3     0  (  -0.119026E-03 ,  -0.926679E-04 )
     4     3     0  (   0.302273E-04 ,  -0.380575E-04 )
     5     3     0  (   0.236373E-04 ,  -0.128334E-04 )
     6     3     0  (  -0.395181E-05 ,   0.627321E-05 )
    -4     3     0  (  -0.303580E-04 ,   0.372156E-04 )
    -3     3     0  (   0.135391E-03 ,  -0.173916E-03 )
    -2     3     0  (  -0.174886E-03 ,   0.212584E-03 )
    -1     3     0  (  -0.285732E-02 ,   0.358934E-02 )
     0     4     0  (  -0.244638E-03 ,   0.404870E-03 )
     1     4     0  (  -0.533154E-03 ,   0.696629E-03 )
     2     4     0  (  -0.249368E-03 ,   0.173827E-03 )
     3     4     0  (   0.302482E-04 ,  -0.380849E-04 )
     4     4     0  (   0.185713E-04 ,   0.144582E-04 )
     5     4     0  (  -0.983758E-06 ,   0.858333E-06 )
     6     4     0  (  -0.805885E-06 ,   0.483956E-05 )
    -3     4     0  (  -0.286313E-04 ,   0.385563E-04 )
    -2     4     0  (   0.953921E-04 ,  -0.122561E-03 )
    -1     4     0  (   0.145414E-03 ,  -0.164994E-03 )
     0     5     0  (   0.737106E-04 ,  -0.888417E-04 )
     1     5     0  (   0.707922E-04 ,  -0.105141E-03 )
     2     5     0  (   0.551703E-04 ,  -0.714457E-04 )
     3     5     0  (   0.236059E-04 ,  -0.127955E-04 )
     4     5     0  (  -0.987984E-06 ,   0.863508E-06 )
     5     5     0  (   0.150746E-05 ,   0.117347E-05 )
     6     5     0  (  -0.183435E-05 ,   0.191616E-05 )
    -2     5     0  (  -0.322119E-04 ,   0.374711E-04 )
    -1     5     0  (   0.641818E-05 ,  -0.846254E-05 )
     0     6     0  (  -0.221680E-04 ,   0.295064E-04 )
     1     6     0  (  -0.175803E-04 ,   0.189553E-04 )
     2     6     0  (  -0.822423E-05 ,   0.871624E-05 )
     3     6     0  (  -0.394420E-05 ,   0.626239E-05 )
     4     6     0  (  -0.799874E-06 ,   0.483112E-05 )
     5     6     0  (  -0.183304E-05 ,   0.191464E-05 )
    -1     6     0  (  -0.845986E-05 ,   0.131670E-04 )
     0    -6     0  (  -0.231677E-04 ,   0.287281E-04 )
     1    -6     0  (  -0.106898E-04 ,   0.114311E-04 )
    -5    -6     0  (  -0.140654E-05 ,   0.224667E-05 )
    -4    -6     0  (  -0.448736E-05 ,   0.196043E-05 )
    -3    -6     0  (  -0.510367E-05 ,   0.535976E-05 )
    -2    -6     0  (  -0.643277E-05 ,   0.101109E-04 )
    -1    -6     0  (  -0.140642E-04 ,   0.216927E-04 )
     0    -5     0  (   0.680479E-04 ,  -0.932500E-04 )
     1    -5     0  (   0.662973E-05 ,  -0.829779E-05 )
     2    -5     0  (  -0.284256E-04 ,   0.404188E-04 )
    -6    -5     0  (  -0.140769E-05 ,   0.224831E-05 )
    -5    -5     0  (  -0.150737E-05 ,  -0.117359E-05 )
    -4    -5     0  (  -0.594810E-06 ,   0.116959E-05 )
    -3    -5     0  (   0.661450E-05 ,  -0.260232E-04 )
    -2    -5     0  (   0.557309E-04 ,  -0.710092E-04 )
    -1    -5     0  (   0.845649E-04 ,  -0.944186E-04 )
     0    -4     0  (  -0.332498E-03 ,   0.336472E-03 )
     1    -4     0  (   0.124287E-03 ,  -0.181442E-03 )
     2    -4     0  (   0.954195E-04 ,  -0.122540E-03 )
     3    -4     0  (  -0.303558E-04 ,   0.372138E-04 )
    -6    -4     0  (  -0.449404E-05 ,   0.196831E-05 )
    -5    -4     0  (  -0.590782E-06 ,   0.116421E-05 )
    -4    -4     0  (  -0.185716E-04 ,  -0.144577E-04 )
    -3    -4     0  (   0.295022E-04 ,  -0.386656E-04 )
    -2    -4     0  (  -0.107352E-03 ,   0.284387E-03 )
    -1    -4     0  (  -0.544576E-03 ,   0.687737E-03 )
     0    -3     0  (  -0.578102E-02 ,   0.743316E-02 )
     1    -3     0  (  -0.277885E-02 ,   0.365043E-02 )
     2    -3     0  (  -0.163194E-03 ,   0.221686E-03 )
     3    -3     0  (   0.135395E-03 ,  -0.173914E-03 )
     4    -3     0  (  -0.286325E-04 ,   0.385589E-04 )
    -6    -3     0  (  -0.511225E-05 ,   0.536977E-05 )
    -5    -3     0  (   0.664370E-05 ,  -0.260631E-04 )
    -4    -3     0  (   0.294809E-04 ,  -0.386388E-04 )
    -3    -3     0  (   0.119032E-03 ,   0.926605E-04 )
    -2    -3     0  (  -0.853774E-03 ,   0.105811E-02 )
    -1    -3     0  (  -0.422318E-02 ,   0.485128E-02 )
     0    -2     0  (  -0.217105E-01 ,   0.292461E-01 )
     1    -2     0  (  -0.179192E-01 ,   0.234190E-01 )
     2    -2     0  (  -0.519673E-02 ,   0.667536E-02 )
     3    -2     0  (  -0.174918E-03 ,   0.212622E-03 )
     4    -2     0  (   0.954061E-04 ,  -0.122582E-03 )
     5    -2     0  (  -0.322194E-04 ,   0.374797E-04 )
    -6    -2     0  (  -0.644021E-05 ,   0.101212E-04 )
    -5    -2     0  (   0.557856E-04 ,  -0.710838E-04 )
    -4    -2     0  (  -0.107612E-03 ,   0.284740E-03 )
    -3    -2     0  (  -0.855429E-03 ,   0.106027E-02 )
    -2    -2     0  (  -0.682005E-03 ,  -0.530987E-03 )
    -1    -2     0  (  -0.563775E-02 ,   0.727177E-02 )
     0    -1     0  (  -0.308680E-01 ,   0.406639E-01 )
     1    -1     0  (  -0.438721E-01 ,   0.563554E-01 )
     2    -1     0  (  -0.183116E-01 ,   0.231201E-01 )
     3    -1     0  (  -0.285809E-02 ,   0.359023E-02 )
     4    -1     0  (   0.145460E-03 ,  -0.165050E-03 )
     5    -1     0  (   0.642093E-05 ,  -0.846556E-05 )
     6    -1     0  (  -0.846272E-05 ,   0.131716E-04 )
    -6    -1     0  (  -0.140742E-04 ,   0.217075E-04 )
    -5    -1     0  (   0.846267E-04 ,  -0.944959E-04 )
    -4    -1     0  (  -0.545005E-03 ,   0.688287E-03 )
    -3    -1     0  (  -0.422729E-02 ,   0.485645E-02 )
    -2    -1     0  (  -0.564774E-02 ,   0.728432E-02 )
    -1    -1     0  (   0.398881E-02 ,   0.310520E-02 )
     0     0     1  (  -0.389621E-01 ,   0.488080E-01 )
     1     0     1  (  -0.443399E-02 ,  -0.345182E-02 )
     2     0     1  (  -0.417313E-02 ,   0.526645E-02 )
     3     0     1  (  -0.320050E-02 ,   0.472419E-02 )
     4     0     1  (  -0.498813E-03 ,   0.653903E-03 )
     5     0     1  (   0.656845E-04 ,  -0.996053E-04 )
     6     0     1  (  -0.169131E-04 ,   0.181557E-04 )
    -6     0     1  (  -0.110687E-04 ,   0.118541E-04 )
    -5     0     1  (   0.686124E-05 ,  -0.849389E-05 )
    -4     0     1  (   0.128900E-03 ,  -0.188901E-03 )
    -3     0     1  (  -0.294125E-02 ,   0.384705E-02 )
    -2     0     1  (  -0.192205E-01 ,   0.251425E-01 )
    -1     0     1  (  -0.486024E-01 ,   0.627750E-01 )
     0     1     1  (  -0.443298E-02 ,  -0.345103E-02 )
     1     1     1  (   0.995120E-01 ,  -0.131092     )
     2     1     1  (   0.519218E-01 ,  -0.601679E-01 )
     3     1     1  (   0.719782E-02 ,  -0.866501E-02 )
     4     1     1  (  -0.202640E-04 ,  -0.283553E-03 )
     5     1     1  (   0.309440E-04 ,  -0.468902E-04 )
     6     1     1  (   0.395115E-05 ,  -0.336883E-05 )
     7     1     1  (  -0.251733E-05 ,   0.434583E-05 )
    -5     1     1  (  -0.258325E-04 ,   0.379344E-04 )
    -4     1     1  (   0.163608E-03 ,  -0.215310E-03 )
    -3     1     1  (  -0.117731E-02 ,   0.152672E-02 )
    -2     1     1  (  -0.124075E-01 ,   0.161113E-01 )
    -1     1     1  (  -0.352670E-01 ,   0.441139E-01 )
     0     2     1  (  -0.416683E-02 ,   0.525823E-02 )
     1     2     1  (   0.519325E-01 ,  -0.601825E-01 )
     2     2     1  (   0.493716E-01 ,  -0.622335E-01 )
     3     2     1  (   0.147837E-01 ,  -0.200887E-01 )
     4     2     1  (   0.174938E-02 ,  -0.235381E-02 )
     5     2     1  (   0.159783E-04 ,   0.431870E-04 )
     6     2     1  (  -0.195324E-07 ,   0.493292E-05 )
     7     2     1  (  -0.124466E-05 ,   0.501727E-05 )
    -5     2     1  (  -0.241131E-04 ,   0.308791E-04 )
    -4     2     1  (   0.393292E-04 ,  -0.516803E-04 )
    -3     2     1  (   0.692187E-04 ,  -0.982243E-04 )
    -2     2     1  (  -0.363054E-02 ,   0.458792E-02 )
    -1     2     1  (  -0.140735E-01 ,   0.174755E-01 )
     0     3     1  (  -0.319757E-02 ,   0.472022E-02 )
     1     3     1  (   0.720405E-02 ,  -0.867292E-02 )
     2     3     1  (   0.147872E-01 ,  -0.200932E-01 )
     3     3     1  (   0.810171E-02 ,  -0.104958E-01 )
     4     3     1  (   0.135205E-02 ,  -0.151244E-02 )
     5     3     1  (  -0.895499E-04 ,   0.111287E-03 )
     6     3     1  (  -0.985136E-05 ,   0.932956E-05 )
     7     3     1  (   0.577069E-06 ,  -0.949723E-06 )
    -4     3     1  (  -0.323631E-04 ,   0.421076E-04 )
    -3     3     1  (   0.103829E-03 ,  -0.139350E-03 )
    -2     3     1  (  -0.101727E-03 ,   0.975373E-04 )
    -1     3     1  (  -0.252832E-02 ,   0.330943E-02 )
     0     4     1  (  -0.498463E-03 ,   0.653451E-03 )
     1     4     1  (  -0.191545E-04 ,  -0.284910E-03 )
     2     4     1  (   0.175041E-02 ,  -0.235514E-02 )
     3     4     1  (   0.135233E-02 ,  -0.151281E-02 )
     4     4     1  (   0.636248E-04 ,  -0.797242E-04 )
     5     4     1  (  -0.104113E-03 ,   0.993852E-04 )
     6     4     1  (   0.283210E-05 ,  -0.358952E-05 )
     7     4     1  (   0.212553E-05 ,  -0.666690E-05 )
    -3     4     1  (  -0.308108E-04 ,   0.395448E-04 )
    -2     4     1  (   0.989764E-04 ,  -0.125120E-03 )
    -1     4     1  (   0.800425E-04 ,  -0.488493E-04 )
     0     5     1  (   0.656366E-04 ,  -0.995394E-04 )
     1     5     1  (   0.308837E-04 ,  -0.468210E-04 )
     2     5     1  (   0.159456E-04 ,   0.432109E-04 )
     3     5     1  (  -0.895818E-04 ,   0.111329E-03 )
     4     5     1  (  -0.104132E-03 ,   0.994113E-04 )
     5     5     1  (  -0.170576E-04 ,   0.221677E-04 )
     6     5     1  (   0.114745E-04 ,  -0.202364E-04 )
    -2     5     1  (  -0.280689E-04 ,   0.338521E-04 )
    -1     5     1  (   0.270938E-04 ,  -0.317133E-04 )
     0     6     1  (  -0.169027E-04 ,   0.181442E-04 )
     1     6     1  (   0.394808E-05 ,  -0.336521E-05 )
     2     6     1  (  -0.334829E-07 ,   0.494925E-05 )
     3     6     1  (  -0.986054E-05 ,   0.934080E-05 )
     4     6     1  (   0.283408E-05 ,  -0.359199E-05 )
     5     6     1  (   0.114778E-04 ,  -0.202405E-04 )
     6     6     1  (   0.643221E-05 ,  -0.944367E-05 )
    -1     6     1  (  -0.160571E-04 ,   0.220201E-04 )
     1     7     1  (  -0.251376E-05 ,   0.434020E-05 )
     2     7     1  (  -0.123634E-05 ,   0.500591E-05 )
     3     7     1  (   0.585737E-06 ,  -0.959836E-06 )
     4     7     1  (   0.212987E-05 ,  -0.667205E-05 )
     0    -6     1  (  -0.110641E-04 ,   0.118492E-04 )
    -3    -6     1  (  -0.679378E-05 ,   0.117927E-04 )
    -2    -6     1  (  -0.147302E-04 ,   0.216611E-04 )
    -1    -6     1  (  -0.184403E-04 ,   0.224678E-04 )
     0    -5     1  (   0.685838E-05 ,  -0.849000E-05 )
     1    -5     1  (  -0.258240E-04 ,   0.379215E-04 )
     2    -5     1  (  -0.241065E-04 ,   0.308717E-04 )
    -5    -5     1  (  -0.391002E-05 ,   0.472117E-05 )
    -4    -5     1  (  -0.122389E-04 ,   0.196411E-04 )
    -3    -5     1  (  -0.365730E-05 ,   0.679913E-05 )
    -2    -5     1  (   0.199437E-04 ,  -0.226650E-04 )
    -1    -5     1  (   0.264252E-04 ,  -0.368353E-04 )
     0    -4     1  (   0.128847E-03 ,  -0.188826E-03 )
     1    -4     1  (   0.163556E-03 ,  -0.215248E-03 )
     2    -4     1  (   0.393219E-04 ,  -0.516691E-04 )
     3    -4     1  (  -0.323594E-04 ,   0.421016E-04 )
    -5    -4     1  (  -0.122420E-04 ,   0.196453E-04 )
    -4    -4     1  (   0.192782E-04 ,  -0.236955E-04 )
    -3    -4     1  (   0.974915E-04 ,  -0.104539E-03 )
    -2    -4     1  (   0.774156E-04 ,  -0.100053E-03 )
    -1    -4     1  (   0.337899E-04 ,  -0.945013E-04 )
     0    -3     1  (  -0.294021E-02 ,   0.384564E-02 )
     1    -3     1  (  -0.117696E-02 ,   0.152627E-02 )
     2    -3     1  (   0.692171E-04 ,  -0.981979E-04 )
     3    -3     1  (   0.103818E-03 ,  -0.139337E-03 )
     4    -3     1  (  -0.308100E-04 ,   0.395455E-04 )
    -6    -3     1  (  -0.679771E-05 ,   0.117982E-04 )
    -5    -3     1  (  -0.365916E-05 ,   0.680163E-05 )
    -4    -3     1  (   0.975122E-04 ,  -0.104564E-03 )
    -3    -3     1  (  -0.122158E-03 ,   0.157378E-03 )
    -2    -3     1  (  -0.132474E-02 ,   0.153370E-02 )
    -1    -3     1  (  -0.287740E-02 ,   0.362470E-02 )
     0    -2     1  (  -0.192144E-01 ,   0.251346E-01 )
     1    -2     1  (  -0.124044E-01 ,   0.161075E-01 )
     2    -2     1  (  -0.363016E-02 ,   0.458743E-02 )
     3    -2     1  (  -0.101744E-03 ,   0.975237E-04 )
     4    -2     1  (   0.989868E-04 ,  -0.125134E-03 )
     5    -2     1  (  -0.280737E-04 ,   0.338572E-04 )
    -6    -2     1  (  -0.147379E-04 ,   0.216719E-04 )
    -5    -2     1  (   0.199525E-04 ,  -0.226767E-04 )
    -4    -2     1  (   0.774494E-04 ,  -0.100095E-03 )
    -3    -2     1  (  -0.132503E-02 ,   0.153406E-02 )
    -2    -2     1  (  -0.655348E-02 ,   0.825200E-02 )
    -1    -2     1  (  -0.150679E-01 ,   0.198674E-01 )
     0    -1     1  (  -0.485909E-01 ,   0.627610E-01 )
     1    -1     1  (  -0.352606E-01 ,   0.441057E-01 )
     2    -1     1  (  -0.140736E-01 ,   0.174754E-01 )
     3    -1     1  (  -0.252870E-02 ,   0.330992E-02 )
     4    -1     1  (   0.800677E-04 ,  -0.488572E-04 )
     5    -1     1  (   0.271028E-04 ,  -0.317229E-04 )
     6    -1     1  (  -0.160627E-04 ,   0.220283E-04 )
    -6    -1     1  (  -0.184493E-04 ,   0.224786E-04 )
    -5    -1     1  (   0.264377E-04 ,  -0.368529E-04 )
    -4    -1     1  (   0.338053E-04 ,  -0.945391E-04 )
    -3    -1     1  (  -0.287844E-02 ,   0.362602E-02 )
    -2    -1     1  (  -0.150714E-01 ,   0.198720E-01 )
    -1    -1     1  (  -0.368792E-01 ,   0.486168E-01 )
     0     0     2  (  -0.281693E-01 ,   0.345221E-01 )
     1     0     2  (  -0.843634E-02 ,   0.108644E-01 )
     2     0     2  (   0.758141E-03 ,   0.590236E-03 )
     3     0     2  (  -0.539203E-03 ,   0.741871E-03 )
     4     0     2  (  -0.216261E-03 ,   0.119255E-03 )
     5     0     2  (   0.484854E-04 ,  -0.638081E-04 )
     6     0     2  (  -0.734325E-05 ,   0.755364E-05 )
    -5     0     2  (  -0.301855E-04 ,   0.428673E-04 )
    -4     0     2  (   0.102322E-03 ,  -0.132124E-03 )
    -3     0     2  (  -0.175044E-03 ,   0.237475E-03 )
    -2     0     2  (  -0.576422E-02 ,   0.743018E-02 )
    -1     0     2  (  -0.210472E-01 ,   0.265963E-01 )
     0     1     2  (  -0.843976E-02 ,   0.108689E-01 )
     1     1     2  (   0.472029E-01 ,  -0.537623E-01 )
     2     1     2  (   0.478057E-01 ,  -0.602865E-01 )
     3     1     2  (   0.147544E-01 ,  -0.201115E-01 )
     4     1     2  (   0.180102E-02 ,  -0.242084E-02 )
     5     1     2  (   0.160698E-04 ,   0.453127E-04 )
     6     1     2  (  -0.689931E-06 ,   0.589093E-05 )
     7     1     2  (  -0.845070E-06 ,   0.456930E-05 )
    -5     1     2  (  -0.248106E-04 ,   0.318853E-04 )
    -4     1     2  (   0.408964E-04 ,  -0.535924E-04 )
    -3     1     2  (   0.732149E-04 ,  -0.102725E-03 )
    -2     1     2  (  -0.386810E-02 ,   0.488412E-02 )
    -1     1     2  (  -0.156259E-01 ,   0.194403E-01 )
     0     2     2  (   0.757968E-03 ,   0.590101E-03 )
     1     2     2  (   0.478093E-01 ,  -0.602910E-01 )
     2     2     2  (   0.699902E-01 ,  -0.942835E-01 )
     3     2     2  (   0.331980E-01 ,  -0.429552E-01 )
     4     2     2  (   0.601384E-02 ,  -0.723314E-02 )
     5     2     2  (   0.590401E-04 ,  -0.772383E-04 )
     6     2     2  (  -0.480535E-04 ,   0.480642E-04 )
     7     2     2  (   0.437553E-05 ,  -0.599376E-05 )
    -4     2     2  (  -0.238151E-04 ,   0.318670E-04 )
    -3     2     2  (   0.165867E-03 ,  -0.230528E-03 )
    -2     2     2  (  -0.959718E-03 ,   0.115179E-02 )
    -1     2     2  (  -0.593427E-02 ,   0.778667E-02 )
     0     3     2  (  -0.538153E-03 ,   0.740529E-03 )
     1     3     2  (   0.147580E-01 ,  -0.201160E-01 )
     2     3     2  (   0.332010E-01 ,  -0.429591E-01 )
     3     3     2  (   0.222305E-01 ,  -0.274938E-01 )
     4     3     2  (   0.505843E-02 ,  -0.645173E-02 )
     5     3     2  (   0.224308E-04 ,  -0.178950E-03 )
     6     3     2  (  -0.724326E-04 ,   0.880947E-04 )
     7     3     2  (   0.134083E-04 ,  -0.207876E-04 )
    -4     3     2  (  -0.237189E-04 ,   0.331373E-04 )
    -3     3     2  (   0.284163E-04 ,  -0.412325E-04 )
    -2     3     2  (   0.141352E-03 ,  -0.174188E-03 )
    -1     3     2  (  -0.102674E-02 ,   0.150867E-02 )
     0     4     2  (  -0.216058E-03 ,   0.119041E-03 )
     1     4     2  (   0.180193E-02 ,  -0.242202E-02 )
     2     4     2  (   0.601513E-02 ,  -0.723485E-02 )
     3     4     2  (   0.505897E-02 ,  -0.645240E-02 )
     4     4     2  (   0.124357E-02 ,  -0.183003E-02 )
     5     4     2  (  -0.143885E-03 ,   0.173771E-03 )
     6     4     2  (  -0.512690E-04 ,   0.748786E-04 )
     7     4     2  (   0.234703E-04 ,  -0.304903E-04 )
    -3     4     2  (  -0.321519E-04 ,   0.383100E-04 )
    -2     4     2  (   0.520668E-04 ,  -0.627552E-04 )
    -1     4     2  (   0.662071E-04 ,  -0.842412E-04 )
     0     5     2  (   0.484419E-04 ,  -0.637544E-04 )
     1     5     2  (   0.160370E-04 ,   0.453319E-04 )
     2     5     2  (   0.591006E-04 ,  -0.773115E-04 )
     3     5     2  (   0.224595E-04 ,  -0.178973E-03 )
     4     5     2  (  -0.143904E-03 ,   0.173795E-03 )
     5     5     2  (  -0.134612E-03 ,   0.199967E-03 )
     6     5     2  (   0.855040E-05 ,  -0.128389E-04 )
     7     5     2  (   0.219864E-04 ,  -0.219516E-04 )
    -2     5     2  (  -0.236312E-04 ,   0.318319E-04 )
    -1     5     2  (   0.148206E-04 ,  -0.224154E-04 )
     0     6     2  (  -0.733709E-05 ,   0.754654E-05 )
     1     6     2  (  -0.702333E-06 ,   0.590512E-05 )
     2     6     2  (  -0.480848E-04 ,   0.481058E-04 )
     3     6     2  (  -0.724650E-04 ,   0.881349E-04 )
     4     6     2  (  -0.512821E-04 ,   0.748946E-04 )
     5     6     2  (   0.855110E-05 ,  -0.128401E-04 )
     6     6     2  (   0.337298E-04 ,  -0.366066E-04 )
    -1     6     2  (  -0.159684E-04 ,   0.179017E-04 )
     1     7     2  (  -0.837651E-06 ,   0.455896E-05 )
     2     7     2  (   0.438746E-05 ,  -0.600758E-05 )
     3     7     2  (   0.134188E-04 ,  -0.208002E-04 )
     4     7     2  (   0.234780E-04 ,  -0.305011E-04 )
     5     7     2  (   0.219904E-04 ,  -0.219573E-04 )
     0    -5     2  (  -0.301750E-04 ,   0.428524E-04 )
     1    -5     2  (  -0.248024E-04 ,   0.318756E-04 )
    -3    -5     2  (  -0.194400E-04 ,   0.239339E-04 )
    -2    -5     2  (  -0.280145E-04 ,   0.343321E-04 )
    -1    -5     2  (  -0.285296E-04 ,   0.386901E-04 )
     0    -4     2  (   0.102289E-03 ,  -0.132083E-03 )
     1    -4     2  (   0.408856E-04 ,  -0.535768E-04 )
     2    -4     2  (  -0.238098E-04 ,   0.318592E-04 )
     3    -4     2  (  -0.237142E-04 ,   0.331305E-04 )
    -4    -4     2  (  -0.256091E-04 ,   0.320074E-04 )
    -3    -4     2  (  -0.748711E-05 ,   0.981450E-05 )
    -2    -4     2  (   0.539788E-04 ,  -0.727689E-04 )
    -1    -4     2  (   0.106065E-03 ,  -0.138835E-03 )
     0    -3     2  (  -0.174988E-03 ,   0.237399E-03 )
     1    -3     2  (   0.732042E-04 ,  -0.102689E-03 )
     2    -3     2  (   0.165825E-03 ,  -0.230472E-03 )
     3    -3     2  (   0.284118E-04 ,  -0.412273E-04 )
     4    -3     2  (  -0.321500E-04 ,   0.383081E-04 )
    -5    -3     2  (  -0.194446E-04 ,   0.239392E-04 )
    -4    -3     2  (  -0.748808E-05 ,   0.981547E-05 )
    -3    -3     2  (   0.113597E-03 ,  -0.153918E-03 )
    -2    -3     2  (   0.144712E-03 ,  -0.193807E-03 )
    -1    -3     2  (  -0.838316E-04 ,   0.131150E-03 )
     0    -2     2  (  -0.576287E-02 ,   0.742851E-02 )
     1    -2     2  (  -0.386718E-02 ,   0.488296E-02 )
     2    -2     2  (  -0.959561E-03 ,   0.115154E-02 )
     3    -2     2  (   0.141345E-03 ,  -0.174181E-03 )
     4    -2     2  (   0.520679E-04 ,  -0.627543E-04 )
     5    -2     2  (  -0.236325E-04 ,   0.318342E-04 )
    -5    -2     2  (  -0.280231E-04 ,   0.343423E-04 )
    -4    -2     2  (   0.539912E-04 ,  -0.727855E-04 )
    -3    -2     2  (   0.144731E-03 ,  -0.193831E-03 )
    -2    -2     2  (  -0.970088E-03 ,   0.130645E-02 )
    -1    -2     2  (  -0.395507E-02 ,   0.516163E-02 )
     0    -1     2  (  -0.210441E-01 ,   0.265925E-01 )
     1    -1     2  (  -0.156225E-01 ,   0.194357E-01 )
     2    -1     2  (  -0.593323E-02 ,   0.778532E-02 )
     3    -1     2  (  -0.102672E-02 ,   0.150869E-02 )
     4    -1     2  (   0.662120E-04 ,  -0.842491E-04 )
     5    -1     2  (   0.148246E-04 ,  -0.224210E-04 )
     6    -1     2  (  -0.159738E-04 ,   0.179079E-04 )
    -5    -1     2  (  -0.285392E-04 ,   0.387033E-04 )
    -4    -1     2  (   0.106096E-03 ,  -0.138877E-03 )
    -3    -1     2  (  -0.838465E-04 ,   0.131183E-03 )
    -2    -1     2  (  -0.395559E-02 ,   0.516232E-02 )
    -1    -1     2  (  -0.138627E-01 ,   0.177217E-01 )
     0     0     3  (  -0.708053E-02 ,   0.908612E-02 )
     1     0     3  (  -0.495704E-02 ,   0.702942E-02 )
     2     0     3  (  -0.127768E-02 ,   0.167769E-02 )
     3     0     3  (  -0.132316E-03 ,  -0.103005E-03 )
     4     0     3  (   0.382174E-04 ,  -0.482971E-04 )
     5     0     3  (   0.193843E-04 ,  -0.589239E-05 )
     6     0     3  (  -0.270629E-05 ,   0.460011E-05 )
    -4     0     3  (  -0.332799E-04 ,   0.409490E-04 )
    -3     0     3  (   0.151190E-03 ,  -0.192793E-03 )
    -2     0     3  (  -0.201561E-03 ,   0.244720E-03 )
    -1     0     3  (  -0.334522E-02 ,   0.418590E-02 )
     0     1     3  (  -0.495811E-02 ,   0.703071E-02 )
     1     1     3  (   0.446524E-02 ,  -0.519257E-02 )
     2     1     3  (   0.132054E-01 ,  -0.181512E-01 )
     3     1     3  (   0.783321E-02 ,  -0.101402E-01 )
     4     1     3  (   0.136128E-02 ,  -0.150525E-02 )
     5     1     3  (  -0.929632E-04 ,   0.116082E-03 )
     6     1     3  (  -0.107641E-04 ,   0.100947E-04 )
     7     1     3  (   0.109589E-05 ,  -0.161320E-05 )
    -4     1     3  (  -0.346427E-04 ,   0.449595E-04 )
    -3     1     3  (   0.112552E-03 ,  -0.150934E-03 )
    -2     1     3  (  -0.114371E-03 ,   0.107420E-03 )
    -1     1     3  (  -0.297867E-02 ,   0.389431E-02 )
     0     2     3  (  -0.127831E-02 ,   0.167848E-02 )
     1     2     3  (   0.132055E-01 ,  -0.181512E-01 )
     2     2     3  (   0.319028E-01 ,  -0.412396E-01 )
     3     2     3  (   0.217981E-01 ,  -0.268988E-01 )
     4     2     3  (   0.500612E-02 ,  -0.638521E-02 )
     5     2     3  (   0.208172E-04 ,  -0.180207E-03 )
     6     2     3  (  -0.729668E-04 ,   0.885818E-04 )
     7     2     3  (   0.136498E-04 ,  -0.211815E-04 )
    -4     2     3  (  -0.244980E-04 ,   0.342652E-04 )
    -3     2     3  (   0.297509E-04 ,  -0.429655E-04 )
    -2     2     3  (   0.149555E-03 ,  -0.184943E-03 )
    -1     2     3  (  -0.115024E-02 ,   0.167013E-02 )
     0     3     3  (  -0.132285E-03 ,  -0.102981E-03 )
     1     3     3  (   0.783383E-02 ,  -0.101410E-01 )
     2     3     3  (   0.217991E-01 ,  -0.269001E-01 )
     3     3     3  (   0.186368E-01 ,  -0.239630E-01 )
     4     3     3  (   0.589749E-02 ,  -0.806505E-02 )
     5     3     3  (   0.302369E-03 ,  -0.416610E-03 )
     6     3     3  (  -0.137477E-03 ,   0.203397E-03 )
     7     3     3  (   0.262754E-04 ,  -0.323482E-04 )
    -3     3     3  (  -0.300159E-04 ,   0.359750E-04 )
    -2     3     3  (   0.114204E-03 ,  -0.136267E-03 )
    -1     3     3  (  -0.121227E-03 ,   0.155403E-03 )
     0     4     3  (   0.382203E-04 ,  -0.483009E-04 )
     1     4     3  (   0.136154E-02 ,  -0.150563E-02 )
     2     4     3  (   0.500677E-02 ,  -0.638604E-02 )
     3     4     3  (   0.589786E-02 ,  -0.806549E-02 )
     4     4     3  (   0.242158E-02 ,  -0.310021E-02 )
     5     4     3  (  -0.619517E-04 ,   0.213615E-03 )
     6     4     3  (  -0.155579E-03 ,   0.203785E-03 )
     7     4     3  (   0.375346E-04 ,  -0.413852E-04 )
    -3     4     3  (  -0.155250E-04 ,   0.178600E-04 )
    -2     4     3  (  -0.706180E-05 ,   0.866413E-05 )
    -1     4     3  (   0.671838E-04 ,  -0.110054E-03 )
     0     5     3  (   0.193626E-04 ,  -0.587007E-05 )
     1     5     3  (  -0.929872E-04 ,   0.116114E-03 )
     2     5     3  (   0.208496E-04 ,  -0.180226E-03 )
     3     5     3  (   0.302396E-03 ,  -0.416646E-03 )
     4     5     3  (  -0.619609E-04 ,   0.213625E-03 )
     5     5     3  (  -0.295608E-03 ,   0.396854E-03 )
     6     5     3  (  -0.450631E-04 ,   0.560635E-04 )
     7     5     3  (   0.397846E-04 ,  -0.464820E-04 )
    -2     5     3  (  -0.163392E-04 ,   0.224332E-04 )
    -1     5     3  (  -0.519328E-05 ,   0.455072E-05 )
     0     6     3  (  -0.270149E-05 ,   0.459313E-05 )
     1     6     3  (  -0.107711E-04 ,   0.101043E-04 )
     2     6     3  (  -0.729979E-04 ,   0.886209E-04 )
     3     6     3  (  -0.137513E-03 ,   0.203440E-03 )
     4     6     3  (  -0.155599E-03 ,   0.203812E-03 )
     5     6     3  (  -0.450662E-04 ,   0.560674E-04 )
     6     6     3  (   0.426832E-04 ,  -0.495139E-04 )
     7     6     3  (   0.176040E-04 ,  -0.279955E-04 )
    -1     6     3  (  -0.894160E-05 ,   0.810228E-05 )
     1     7     3  (   0.110339E-05 ,  -0.162179E-05 )
     2     7     3  (   0.136597E-04 ,  -0.211932E-04 )
     3     7     3  (   0.262833E-04 ,  -0.323592E-04 )
     4     7     3  (   0.375420E-04 ,  -0.413955E-04 )
     5     7     3  (   0.397905E-04 ,  -0.464893E-04 )
     6     7     3  (   0.176055E-04 ,  -0.279972E-04 )
     0    -4     3  (  -0.332712E-04 ,   0.409386E-04 )
     1    -4     3  (  -0.346339E-04 ,   0.449471E-04 )
     2    -4     3  (  -0.244915E-04 ,   0.342558E-04 )
    -3    -4     3  (  -0.151817E-04 ,   0.211211E-04 )
    -2    -4     3  (  -0.323619E-04 ,   0.448810E-04 )
    -1    -4     3  (  -0.340352E-04 ,   0.441095E-04 )
     0    -3     3  (   0.151157E-03 ,  -0.192747E-03 )
     1    -3     3  (   0.112521E-03 ,  -0.150894E-03 )
     2    -3     3  (   0.297433E-04 ,  -0.429563E-04 )
     3    -3     3  (  -0.300103E-04 ,   0.359686E-04 )
     4    -3     3  (  -0.155237E-04 ,   0.178571E-04 )
    -4    -3     3  (  -0.151831E-04 ,   0.211230E-04 )
    -3    -3     3  (  -0.296358E-04 ,   0.409883E-04 )
    -2    -3     3  (   0.360682E-04 ,  -0.418735E-04 )
    -1    -3     3  (   0.123254E-03 ,  -0.152027E-03 )
     0    -2     3  (  -0.201533E-03 ,   0.244685E-03 )
     1    -2     3  (  -0.114360E-03 ,   0.107383E-03 )
     2    -2     3  (   0.149529E-03 ,  -0.184912E-03 )
     3    -2     3  (   0.114188E-03 ,  -0.136241E-03 )
     4    -2     3  (  -0.706112E-05 ,   0.866304E-05 )
     5    -2     3  (  -0.163385E-04 ,   0.224338E-04 )
    -4    -2     3  (  -0.323676E-04 ,   0.448885E-04 )
    -3    -2     3  (   0.360713E-04 ,  -0.418775E-04 )
    -2    -2     3  (   0.201824E-03 ,  -0.240955E-03 )
    -1    -2     3  (   0.925885E-04 ,  -0.997043E-04 )
     0    -1     3  (  -0.334488E-02 ,   0.418543E-02 )
     1    -1     3  (  -0.297803E-02 ,   0.389347E-02 )
     2    -1     3  (  -0.114993E-02 ,   0.166979E-02 )
     3    -1     3  (  -0.121224E-03 ,   0.155399E-03 )
     4    -1     3  (   0.671796E-04 ,  -0.110057E-03 )
     5    -1     3  (  -0.519418E-05 ,   0.455164E-05 )
     6    -1     3  (  -0.894406E-05 ,   0.810428E-05 )
    -4    -1     3  (  -0.340434E-04 ,   0.441192E-04 )
    -3    -1     3  (   0.123274E-03 ,  -0.152053E-03 )
    -2    -1     3  (   0.925961E-04 ,  -0.997156E-04 )
    -1    -1     3  (  -0.134480E-02 ,   0.171422E-02 )
     0     0     4  (  -0.299262E-03 ,   0.495273E-03 )
     1     0     4  (  -0.686988E-03 ,   0.895476E-03 )
     2     0     4  (  -0.338453E-03 ,   0.267582E-03 )
     3     0     4  (   0.290077E-04 ,  -0.363437E-04 )
     4     0     4  (   0.206444E-04 ,   0.160715E-04 )
     5     0     4  (  -0.201224E-05 ,   0.210084E-05 )
     6     0     4  (   0.430575E-06 ,   0.352941E-05 )
    -3     0     4  (  -0.321201E-04 ,   0.434151E-04 )
    -2     0     4  (   0.109104E-03 ,  -0.140902E-03 )
    -1     0     4  (   0.171826E-03 ,  -0.195586E-03 )
     0     1     4  (  -0.687067E-03 ,   0.895575E-03 )
     1     1     4  (  -0.507061E-03 ,   0.311654E-03 )
     2     1     4  (   0.135169E-02 ,  -0.183729E-02 )
     3     1     4  (   0.123807E-02 ,  -0.134415E-02 )
     4     1     4  (   0.556576E-04 ,  -0.694662E-04 )
     5     1     4  (  -0.105269E-03 ,   0.984844E-04 )
     6     1     4  (   0.290606E-05 ,  -0.381148E-05 )
     7     1     4  (   0.235459E-05 ,  -0.723561E-05 )
    -3     1     4  (  -0.340723E-04 ,   0.440967E-04 )
    -2     1     4  (   0.113169E-03 ,  -0.142837E-03 )
    -1     1     4  (   0.943266E-04 ,  -0.595020E-04 )
     0     2     4  (  -0.338529E-03 ,   0.267707E-03 )
     1     2     4  (   0.135157E-02 ,  -0.183714E-02 )
     2     2     4  (   0.544769E-02 ,  -0.647997E-02 )
     3     2     4  (   0.476910E-02 ,  -0.608968E-02 )
     4     2     4  (   0.119852E-02 ,  -0.178419E-02 )
     5     2     4  (  -0.140073E-03 ,   0.169285E-03 )
     6     2     4  (  -0.510680E-04 ,   0.750349E-04 )
     7     2     4  (   0.237525E-04 ,  -0.309287E-04 )
    -3     2     4  (  -0.347540E-04 ,   0.415522E-04 )
    -2     2     4  (   0.577910E-04 ,  -0.698274E-04 )
    -1     2     4  (   0.801603E-04 ,  -0.103117E-03 )
     0     3     4  (   0.289897E-04 ,  -0.363201E-04 )
     1     3     4  (   0.123805E-02 ,  -0.134417E-02 )
     2     3     4  (   0.476922E-02 ,  -0.608984E-02 )
     3     3     4  (   0.573612E-02 ,  -0.786982E-02 )
     4     3     4  (   0.238816E-02 ,  -0.305588E-02 )
     5     3     4  (  -0.598683E-04 ,   0.213182E-03 )
     6     3     4  (  -0.155238E-03 ,   0.203148E-03 )
     7     3     4  (   0.375331E-04 ,  -0.413864E-04 )
    -3     3     4  (  -0.161647E-04 ,   0.186379E-04 )
    -2     3     4  (  -0.738538E-05 ,   0.918771E-05 )
    -1     3     4  (   0.756352E-04 ,  -0.121596E-03 )
     0     4     4  (   0.206398E-04 ,   0.160680E-04 )
     1     4     4  (   0.556759E-04 ,  -0.694892E-04 )
     2     4     4  (   0.119862E-02 ,  -0.178430E-02 )
     3     4     4  (   0.238823E-02 ,  -0.305598E-02 )
     4     4     4  (   0.107190E-02 ,  -0.108472E-02 )
     5     4     4  (  -0.314170E-03 ,   0.444860E-03 )
     6     4     4  (  -0.177301E-03 ,   0.214018E-03 )
     7     4     4  (   0.425598E-04 ,  -0.493107E-04 )
    -2     4     4  (  -0.227835E-04 ,   0.307235E-04 )
    -1     4     4  (   0.174250E-04 ,  -0.234625E-04 )
     0     5     4  (  -0.201408E-05 ,   0.210330E-05 )
     1     5     4  (  -0.105286E-03 ,   0.985128E-04 )
     2     5     4  (  -0.140101E-03 ,   0.169320E-03 )
     3     5     4  (  -0.598821E-04 ,   0.213193E-03 )
     4     5     4  (  -0.314181E-03 ,   0.444877E-03 )
     5     5     4  (  -0.355807E-03 ,   0.431635E-03 )
     6     5     4  (  -0.657139E-04 ,   0.940424E-04 )
     7     5     4  (   0.479245E-04 ,  -0.681688E-04 )
    -1     5     4  (  -0.148766E-04 ,   0.146649E-04 )
     0     6     4  (   0.433790E-06 ,   0.352397E-05 )
     1     6     4  (   0.290793E-05 ,  -0.381338E-05 )
     2     6     4  (  -0.510815E-04 ,   0.750507E-04 )
     3     6     4  (  -0.155258E-03 ,   0.203176E-03 )
     4     6     4  (  -0.177316E-03 ,   0.214040E-03 )
     5     6     4  (  -0.657175E-04 ,   0.940467E-04 )
     6     6     4  (   0.390383E-04 ,  -0.554993E-04 )
     7     6     4  (   0.405156E-04 ,  -0.581195E-04 )
     1     7     4  (   0.235842E-05 ,  -0.723946E-05 )
     2     7     4  (   0.237595E-04 ,  -0.309385E-04 )
     3     7     4  (   0.375405E-04 ,  -0.413967E-04 )
     4     7     4  (   0.425664E-04 ,  -0.493192E-04 )
     5     7     4  (   0.479296E-04 ,  -0.681753E-04 )
     6     7     4  (   0.405174E-04 ,  -0.581221E-04 )
     0    -3     4  (  -0.321135E-04 ,   0.434066E-04 )
     1    -3     4  (  -0.340641E-04 ,   0.440870E-04 )
     2    -3     4  (  -0.347463E-04 ,   0.415430E-04 )
     3    -3     4  (  -0.161619E-04 ,   0.186333E-04 )
    -2    -3     4  (  -0.295971E-04 ,   0.348900E-04 )
    -1    -3     4  (  -0.372293E-04 ,   0.468205E-04 )
     0    -2     4  (   0.109087E-03 ,  -0.140881E-03 )
     1    -2     4  (   0.113147E-03 ,  -0.142810E-03 )
     2    -2     4  (   0.577790E-04 ,  -0.698105E-04 )
     3    -2     4  (  -0.738400E-05 ,   0.918541E-05 )
     4    -2     4  (  -0.227790E-04 ,   0.307190E-04 )
    -3    -2     4  (  -0.295991E-04 ,   0.348923E-04 )
    -2    -2     4  (  -0.277719E-04 ,   0.340161E-04 )
    -1    -2     4  (   0.458422E-04 ,  -0.570532E-04 )
     0    -1     4  (   0.171812E-03 ,  -0.195571E-03 )
     1    -1     4  (   0.943190E-04 ,  -0.594859E-04 )
     2    -1     4  (   0.801334E-04 ,  -0.103082E-03 )
     3    -1     4  (   0.756118E-04 ,  -0.121573E-03 )
     4    -1     4  (   0.174231E-04 ,  -0.234601E-04 )
     5    -1     4  (  -0.148773E-04 ,   0.146644E-04 )
    -3    -1     4  (  -0.372343E-04 ,   0.468271E-04 )
    -2    -1     4  (   0.458455E-04 ,  -0.570577E-04 )
    -1    -1     4  (   0.189532E-03 ,  -0.240449E-03 )
     0     0     5  (   0.901691E-04 ,  -0.108679E-03 )
     1     0     5  (   0.917693E-04 ,  -0.134234E-03 )
     2     0     5  (   0.742367E-04 ,  -0.951115E-04 )
     3     0     5  (   0.331323E-04 ,  -0.225975E-04 )
     4     0     5  (  -0.179579E-06 ,  -0.186979E-06 )
     5     0     5  (   0.167562E-05 ,   0.130446E-05 )
     6     0     5  (  -0.175064E-05 ,   0.179673E-05 )
    -2     0     5  (  -0.374688E-04 ,   0.435386E-04 )
    -1     0     5  (   0.772068E-05 ,  -0.100824E-04 )
     0     1     5  (   0.917811E-04 ,  -0.134247E-03 )
     1     1     5  (   0.572958E-04 ,  -0.774122E-04 )
     2     1     5  (   0.303212E-04 ,   0.346839E-04 )
     3     1     5  (  -0.790418E-04 ,   0.972488E-04 )
     4     1     5  (  -0.968370E-04 ,   0.869687E-04 )
     5     1     5  (  -0.161051E-04 ,   0.208657E-04 )
     6     1     5  (   0.112581E-04 ,  -0.204048E-04 )
    -2     1     5  (  -0.326663E-04 ,   0.393756E-04 )
    -1     1     5  (   0.331639E-04 ,  -0.389348E-04 )
     0     2     5  (   0.742521E-04 ,  -0.951289E-04 )
     1     2     5  (   0.303211E-04 ,   0.346792E-04 )
     2     2     5  (   0.324251E-04 ,  -0.451751E-04 )
     3     2     5  (   0.820146E-05 ,  -0.170347E-03 )
     4     2     5  (  -0.131889E-03 ,   0.158554E-03 )
     5     2     5  (  -0.128926E-03 ,   0.194141E-03 )
     6     2     5  (   0.835339E-05 ,  -0.127127E-04 )
     7     2     5  (   0.220567E-04 ,  -0.218967E-04 )
    -2     2     5  (  -0.270289E-04 ,   0.365948E-04 )
    -1     2     5  (   0.188057E-04 ,  -0.274019E-04 )
     0     3     5  (   0.331420E-04 ,  -0.226131E-04 )
     1     3     5  (  -0.790339E-04 ,   0.972382E-04 )
     2     3     5  (   0.820522E-05 ,  -0.170344E-03 )
     3     3     5  (   0.290574E-03 ,  -0.400897E-03 )
     4     3     5  (  -0.558812E-04 ,   0.208691E-03 )
     5     3     5  (  -0.289789E-03 ,   0.388425E-03 )
     6     3     5  (  -0.445451E-04 ,   0.549908E-04 )
     7     3     5  (   0.394288E-04 ,  -0.461008E-04 )
    -2     3     5  (  -0.181133E-04 ,   0.249757E-04 )
    -1     3     5  (  -0.608890E-05 ,   0.561788E-05 )
     0     4     5  (  -0.177189E-06 ,  -0.189693E-06 )
     1     4     5  (  -0.968342E-04 ,   0.869710E-04 )
     2     4     5  (  -0.131898E-03 ,   0.158565E-03 )
     3     4     5  (  -0.558859E-04 ,   0.208692E-03 )
     4     4     5  (  -0.309610E-03 ,   0.437475E-03 )
     5     4     5  (  -0.351632E-03 ,   0.425248E-03 )
     6     4     5  (  -0.649495E-04 ,   0.931574E-04 )
     7     4     5  (   0.476018E-04 ,  -0.678381E-04 )
    -1     4     5  (  -0.163350E-04 ,   0.164591E-04 )
     0     5     5  (   0.167526E-05 ,   0.130419E-05 )
     1     5     5  (  -0.161072E-04 ,   0.208687E-04 )
     2     5     5  (  -0.128939E-03 ,   0.194154E-03 )
     3     5     5  (  -0.289802E-03 ,   0.388444E-03 )
     4     5     5  (  -0.351641E-03 ,   0.425262E-03 )
     5     5     5  (  -0.219372E-03 ,   0.300619E-03 )
     6     5     5  (  -0.170352E-04 ,   0.231042E-04 )
     7     5     5  (   0.584518E-04 ,  -0.841382E-04 )
    -1     5     5  (  -0.320949E-05 ,   0.433785E-05 )
     0     6     5  (  -0.174951E-05 ,   0.179549E-05 )
     1     6     5  (   0.112619E-04 ,  -0.204085E-04 )
     2     6     5  (   0.835457E-05 ,  -0.127142E-04 )
     3     6     5  (  -0.445493E-04 ,   0.549973E-04 )
     4     6     5  (  -0.649548E-04 ,   0.931638E-04 )
     5     6     5  (  -0.170358E-04 ,   0.231046E-04 )
     6     6     5  (   0.577247E-04 ,  -0.870236E-04 )
     7     6     5  (   0.507047E-04 ,  -0.600578E-04 )
     2     7     5  (   0.220606E-04 ,  -0.219026E-04 )
     3     7     5  (   0.394355E-04 ,  -0.461090E-04 )
     4     7     5  (   0.476077E-04 ,  -0.678453E-04 )
     5     7     5  (   0.584558E-04 ,  -0.841437E-04 )
     6     7     5  (   0.507063E-04 ,  -0.600601E-04 )
     0    -2     5  (  -0.374644E-04 ,   0.435333E-04 )
     1    -2     5  (  -0.326608E-04 ,   0.393680E-04 )
     2    -2     5  (  -0.270226E-04 ,   0.365862E-04 )
     3    -2     5  (  -0.181085E-04 ,   0.249705E-04 )
    -1    -2     5  (  -0.272832E-04 ,   0.354816E-04 )
     0    -1     5  (   0.772037E-05 ,  -0.100818E-04 )
     1    -1     5  (   0.331590E-04 ,  -0.389281E-04 )
     2    -1     5  (   0.188005E-04 ,  -0.273963E-04 )
     3    -1     5  (  -0.608781E-05 ,   0.561634E-05 )
     4    -1     5  (  -0.163324E-04 ,   0.164545E-04 )
     5    -1     5  (  -0.320856E-05 ,   0.433645E-05 )
    -2    -1     5  (  -0.272850E-04 ,   0.354837E-04 )
    -1    -1     5  (  -0.350339E-04 ,   0.393824E-04 )
     0     0     6  (  -0.271178E-04 ,   0.360948E-04 )
     1     0     6  (  -0.221852E-04 ,   0.240012E-04 )
     2     0     6  (  -0.109502E-04 ,   0.118356E-04 )
     3     0     6  (  -0.607118E-05 ,   0.933476E-05 )
     4     0     6  (  -0.221571E-05 ,   0.722071E-05 )
     5     0     6  (  -0.232611E-05 ,   0.246166E-05 )
    -1     0     6  (  -0.100344E-04 ,   0.156403E-04 )
     0     1     6  (  -0.221868E-04 ,   0.240031E-04 )
     1     1     6  (   0.525058E-05 ,  -0.498508E-05 )
     2     1     6  (   0.536626E-05 ,  -0.131431E-05 )
     3     1     6  (  -0.678823E-05 ,   0.511942E-05 )
     4     1     6  (   0.201242E-05 ,  -0.274678E-05 )
     5     1     6  (   0.980298E-05 ,  -0.186148E-04 )
     6     1     6  (   0.633693E-05 ,  -0.933318E-05 )
    -1     1     6  (  -0.197260E-04 ,   0.270094E-04 )
     0     2     6  (  -0.109522E-04 ,   0.118383E-04 )
     1     2     6  (   0.536781E-05 ,  -0.131644E-05 )
     2     2     6  (  -0.343728E-04 ,   0.297652E-04 )
     3     2     6  (  -0.588062E-04 ,   0.709048E-04 )
     4     2     6  (  -0.453569E-04 ,   0.679787E-04 )
     5     2     6  (   0.803050E-05 ,  -0.121903E-04 )
     6     2     6  (   0.327629E-04 ,  -0.350864E-04 )
    -1     2     6  (  -0.197846E-04 ,   0.223415E-04 )
     0     3     6  (  -0.607399E-05 ,   0.933861E-05 )
     1     3     6  (  -0.678611E-05 ,   0.511775E-05 )
     2     3     6  (  -0.588049E-04 ,   0.709038E-04 )
     3     3     6  (  -0.121715E-03 ,   0.184563E-03 )
     4     3     6  (  -0.146535E-03 ,   0.191591E-03 )
     5     3     6  (  -0.432136E-04 ,   0.532617E-04 )
     6     3     6  (   0.413666E-04 ,  -0.478960E-04 )
     7     3     6  (   0.171089E-04 ,  -0.276339E-04 )
    -1     3     6  (  -0.108498E-04 ,   0.103645E-04 )
     0     4     6  (  -0.221851E-05 ,   0.722371E-05 )
     1     4     6  (   0.201231E-05 ,  -0.274621E-05 )
     2     4     6  (  -0.453573E-04 ,   0.679785E-04 )
     3     4     6  (  -0.146535E-03 ,   0.191592E-03 )
     4     4     6  (  -0.170431E-03 ,   0.204475E-03 )
     5     4     6  (  -0.633858E-04 ,   0.912496E-04 )
     6     4     6  (   0.381197E-04 ,  -0.543497E-04 )
     7     4     6  (   0.399996E-04 ,  -0.574538E-04 )
     0     5     6  (  -0.232629E-05 ,   0.246194E-05 )
     1     5     6  (   0.980350E-05 ,  -0.186143E-04 )
     2     5     6  (   0.803098E-05 ,  -0.121906E-04 )
     3     5     6  (  -0.432147E-04 ,   0.532643E-04 )
     4     5     6  (  -0.633875E-04 ,   0.912517E-04 )
     5     5     6  (  -0.168066E-04 ,   0.229119E-04 )
     6     5     6  (   0.571031E-04 ,  -0.861658E-04 )
     7     5     6  (   0.503684E-04 ,  -0.595605E-04 )
     1     6     6  (   0.633715E-05 ,  -0.933342E-05 )
     2     6     6  (   0.327651E-04 ,  -0.350899E-04 )
     3     6     6  (   0.413696E-04 ,  -0.478996E-04 )
     4     6     6  (   0.381218E-04 ,  -0.543523E-04 )
     5     6     6  (   0.571045E-04 ,  -0.861677E-04 )
     6     6     6  (   0.746879E-04 ,  -0.926136E-04 )
     7     6     6  (   0.273601E-04 ,  -0.289188E-04 )
     3     7     6  (   0.171114E-04 ,  -0.276364E-04 )
     4     7     6  (   0.400026E-04 ,  -0.574578E-04 )
     5     7     6  (   0.503707E-04 ,  -0.595639E-04 )
     6     7     6  (   0.273610E-04 ,  -0.289198E-04 )
     0    -1     6  (  -0.100337E-04 ,   0.156392E-04 )
     1    -1     6  (  -0.197232E-04 ,   0.270063E-04 )
     2    -1     6  (  -0.197814E-04 ,   0.223376E-04 )
     3    -1     6  (  -0.108480E-04 ,   0.103614E-04 )
     1     1     7  (  -0.408830E-05 ,   0.681342E-05 )
     2     1     7  (  -0.450566E-05 ,   0.954728E-05 )
     3     1     7  (  -0.271166E-05 ,   0.281651E-05 )
     4     1     7  (   0.450687E-06 ,  -0.497851E-05 )
     1     2     7  (  -0.450657E-05 ,   0.954830E-05 )
     2     2     7  (  -0.869487E-06 ,   0.598714E-07 )
     3     2     7  (   0.906275E-05 ,  -0.156706E-04 )
     4     2     7  (   0.203624E-04 ,  -0.261767E-04 )
     5     2     7  (   0.202867E-04 ,  -0.193600E-04 )
     1     3     7  (  -0.271283E-05 ,   0.281803E-05 )
     2     3     7  (   0.906221E-05 ,  -0.156697E-04 )
     3     3     7  (   0.227944E-04 ,  -0.275004E-04 )
     4     3     7  (   0.342789E-04 ,  -0.368448E-04 )
     5     3     7  (   0.368325E-04 ,  -0.428659E-04 )
     6     3     7  (   0.164707E-04 ,  -0.268577E-04 )
     1     4     7  (   0.450175E-06 ,  -0.497721E-05 )
     2     4     7  (   0.203618E-04 ,  -0.261757E-04 )
     3     4     7  (   0.342789E-04 ,  -0.368448E-04 )
     4     4     7  (   0.396444E-04 ,  -0.455858E-04 )
     5     4     7  (   0.453273E-04 ,  -0.649926E-04 )
     6     4     7  (   0.392223E-04 ,  -0.563284E-04 )
     2     5     7  (   0.202865E-04 ,  -0.193601E-04 )
     3     5     7  (   0.368334E-04 ,  -0.428668E-04 )
     4     5     7  (   0.453280E-04 ,  -0.649933E-04 )
     5     5     7  (   0.567023E-04 ,  -0.817045E-04 )
     6     5     7  (   0.496725E-04 ,  -0.585565E-04 )
     3     6     7  (   0.164718E-04 ,  -0.268585E-04 )
     4     6     7  (   0.392235E-04 ,  -0.563299E-04 )
     5     6     7  (   0.496733E-04 ,  -0.585577E-04 )
     6     6     7  (   0.269858E-04 ,  -0.285006E-04 )
    -6    -6    -7  (   0.210109E-04 ,  -0.331521E-04 )
    -5    -6    -7  (   0.445850E-04 ,  -0.625189E-04 )
    -4    -6    -7  (   0.449884E-04 ,  -0.518419E-04 )
    -3    -6    -7  (   0.219978E-04 ,  -0.225565E-04 )
    -6    -5    -7  (   0.445841E-04 ,  -0.625179E-04 )
    -5    -5    -7  (   0.653007E-04 ,  -0.750107E-04 )
    -4    -5    -7  (   0.518898E-04 ,  -0.598850E-04 )
    -3    -5    -7  (   0.325228E-04 ,  -0.462226E-04 )
    -2    -5    -7  (   0.137928E-04 ,  -0.244155E-04 )
    -6    -4    -7  (   0.449872E-04 ,  -0.518404E-04 )
    -5    -4    -7  (   0.518893E-04 ,  -0.598840E-04 )
    -4    -4    -7  (   0.344693E-04 ,  -0.496147E-04 )
    -3    -4    -7  (   0.273113E-04 ,  -0.422691E-04 )
    -2    -4    -7  (   0.203817E-04 ,  -0.261601E-04 )
    -1    -4    -7  (   0.471474E-05 ,  -0.165724E-05 )
    -6    -3    -7  (   0.219973E-04 ,  -0.225552E-04 )
    -5    -3    -7  (   0.325222E-04 ,  -0.462216E-04 )
    -4    -3    -7  (   0.273113E-04 ,  -0.422691E-04 )
    -3    -3    -7  (   0.210693E-04 ,  -0.288434E-04 )
    -2    -3    -7  (   0.129682E-04 ,  -0.126289E-04 )
    -1    -3    -7  (  -0.206654E-05 ,   0.332115E-05 )
    -5    -2    -7  (   0.137927E-04 ,  -0.244156E-04 )
    -4    -2    -7  (   0.203825E-04 ,  -0.261610E-04 )
    -3    -2    -7  (   0.129689E-04 ,  -0.126296E-04 )
    -2    -2    -7  (   0.155223E-06 ,   0.857598E-06 )
    -1    -2    -7  (  -0.815125E-05 ,   0.671090E-05 )
    -4    -1    -7  (   0.471588E-05 ,  -0.165805E-05 )
    -3    -1    -7  (  -0.206537E-05 ,   0.331965E-05 )
    -2    -1    -7  (  -0.815048E-05 ,   0.670977E-05 )
    -1    -1    -7  (  -0.560251E-05 ,   0.563460E-05 )
     0     0    -6  (  -0.283407E-04 ,   0.351427E-04 )
     1     0    -6  (  -0.127012E-04 ,   0.135641E-04 )
    -5     0    -6  (  -0.181592E-05 ,   0.285885E-05 )
    -4     0    -6  (  -0.645667E-05 ,   0.391913E-05 )
    -3     0    -6  (  -0.756047E-05 ,   0.817536E-05 )
    -2     0    -6  (  -0.878814E-05 ,   0.135187E-04 )
    -1     0    -6  (  -0.178264E-04 ,   0.273945E-04 )
     0     1    -6  (  -0.127004E-04 ,   0.135632E-04 )
    -3     1    -6  (  -0.738408E-05 ,   0.130580E-04 )
    -2     1    -6  (  -0.168033E-04 ,   0.246561E-04 )
    -1     1    -6  (  -0.213436E-04 ,   0.257448E-04 )
    -6    -7    -6  (   0.213252E-04 ,  -0.336186E-04 )
    -5    -7    -6  (   0.453894E-04 ,  -0.634419E-04 )
    -4    -7    -6  (   0.458908E-04 ,  -0.528739E-04 )
    -3    -7    -6  (   0.225951E-04 ,  -0.233674E-04 )
    -7    -6    -6  (   0.213245E-04 ,  -0.336176E-04 )
    -6    -6    -6  (   0.714650E-04 ,  -0.951227E-04 )
    -5    -6    -6  (   0.695289E-04 ,  -0.764954E-04 )
    -4    -6    -6  (   0.433414E-04 ,  -0.502889E-04 )
    -3    -6    -6  (   0.362892E-04 ,  -0.518547E-04 )
    -2    -6    -6  (   0.259813E-04 ,  -0.403711E-04 )
    -1    -6    -6  (   0.749393E-05 ,  -0.843287E-05 )
     0    -5    -6  (  -0.181613E-05 ,   0.285909E-05 )
    -7    -5    -6  (   0.453867E-04 ,  -0.634388E-04 )
    -6    -5    -6  (   0.695273E-04 ,  -0.764935E-04 )
    -5    -5    -6  (  -0.180897E-04 ,   0.219130E-04 )
    -4    -5    -6  (  -0.729164E-04 ,   0.838334E-04 )
    -3    -5    -6  (  -0.410374E-04 ,   0.549593E-04 )
    -2    -5    -6  (   0.984833E-05 ,  -0.107758E-04 )
    -1    -5    -6  (   0.156411E-04 ,  -0.140698E-04 )
     0    -4    -6  (  -0.645888E-05 ,   0.392256E-05 )
    -7    -4    -6  (   0.458875E-04 ,  -0.528700E-04 )
    -6    -4    -6  (   0.433394E-04 ,  -0.502862E-04 )
    -5    -4    -6  (  -0.729149E-04 ,   0.838313E-04 )
    -4    -4    -6  (  -0.156425E-03 ,   0.215378E-03 )
    -3    -4    -6  (  -0.149797E-03 ,   0.189053E-03 )
    -2    -4    -6  (  -0.547766E-04 ,   0.606454E-04 )
    -1    -4    -6  (   0.216877E-05 ,  -0.262446E-05 )
     0    -3    -6  (  -0.756348E-05 ,   0.817899E-05 )
     1    -3    -6  (  -0.738666E-05 ,   0.130606E-04 )
    -7    -3    -6  (   0.225932E-04 ,  -0.233643E-04 )
    -6    -3    -6  (   0.362864E-04 ,  -0.518509E-04 )
    -5    -3    -6  (  -0.410353E-04 ,   0.549576E-04 )
    -4    -3    -6  (  -0.149796E-03 ,   0.189052E-03 )
    -3    -3    -6  (  -0.149071E-03 ,   0.163266E-03 )
    -2    -3    -6  (  -0.543141E-04 ,   0.743998E-04 )
    -1    -3    -6  (  -0.329687E-05 ,   0.783405E-05 )
     0    -2    -6  (  -0.879024E-05 ,   0.135213E-04 )
     1    -2    -6  (  -0.168062E-04 ,   0.246601E-04 )
    -6    -2    -6  (   0.259785E-04 ,  -0.403681E-04 )
    -5    -2    -6  (   0.984821E-05 ,  -0.107752E-04 )
    -4    -2    -6  (  -0.547770E-04 ,   0.606452E-04 )
    -3    -2    -6  (  -0.543148E-04 ,   0.744014E-04 )
    -2    -2    -6  (  -0.204249E-04 ,   0.406236E-04 )
    -1    -2    -6  (  -0.403410E-07 ,  -0.552677E-05 )
     0    -1    -6  (  -0.178279E-04 ,   0.273965E-04 )
     1    -1    -6  (  -0.213459E-04 ,   0.257483E-04 )
    -6    -1    -6  (   0.749375E-05 ,  -0.843259E-05 )
    -5    -1    -6  (   0.156416E-04 ,  -0.140693E-04 )
    -4    -1    -6  (   0.216924E-05 ,  -0.262466E-05 )
    -3    -1    -6  (  -0.329802E-05 ,   0.783657E-05 )
    -2    -1    -6  (  -0.420642E-07 ,  -0.552471E-05 )
    -1    -1    -6  (   0.354496E-05 ,  -0.631295E-05 )
     0     0    -5  (   0.832421E-04 ,  -0.114071E-03 )
     1     0    -5  (   0.788072E-05 ,  -0.995787E-05 )
     2     0    -5  (  -0.330182E-04 ,   0.470033E-04 )
    -6     0    -5  (  -0.131245E-05 ,   0.213787E-05 )
    -5     0    -5  (  -0.167562E-05 ,  -0.130446E-05 )
    -4     0    -5  (   0.225281E-06 ,   0.128274E-06 )
    -3     0    -5  (   0.137805E-04 ,  -0.376628E-04 )
    -2     0    -5  (   0.739973E-04 ,  -0.952979E-04 )
    -1     0    -5  (   0.107625E-03 ,  -0.121891E-03 )
     0     1    -5  (   0.788020E-05 ,  -0.995741E-05 )
     1     1    -5  (  -0.295862E-04 ,   0.436234E-04 )
     2     1    -5  (  -0.277073E-04 ,   0.351550E-04 )
    -5     1    -5  (  -0.341698E-05 ,   0.417420E-05 )
    -4     1    -5  (  -0.119458E-04 ,   0.198694E-04 )
    -3     1    -5  (  -0.395157E-05 ,   0.727942E-05 )
    -2     1    -5  (   0.219480E-04 ,  -0.249459E-04 )
    -1     1    -5  (   0.296057E-04 ,  -0.416944E-04 )
     0     2    -5  (  -0.330142E-04 ,   0.469978E-04 )
     1     2    -5  (  -0.277057E-04 ,   0.351527E-04 )
    -3     2    -5  (  -0.197660E-04 ,   0.236801E-04 )
    -2     2    -5  (  -0.288405E-04 ,   0.351710E-04 )
    -1     2    -5  (  -0.301544E-04 ,   0.413193E-04 )
    -6    -7    -5  (   0.457881E-04 ,  -0.638889E-04 )
    -5    -7    -5  (   0.672353E-04 ,  -0.773089E-04 )
    -4    -7    -5  (   0.540955E-04 ,  -0.627945E-04 )
    -3    -7    -5  (   0.350277E-04 ,  -0.495405E-04 )
    -2    -7    -5  (   0.158225E-04 ,  -0.267590E-04 )
     0    -6    -5  (  -0.131152E-05 ,   0.213647E-05 )
    -7    -6    -5  (   0.457863E-04 ,  -0.638868E-04 )
    -6    -6    -5  (   0.702065E-04 ,  -0.773066E-04 )
    -5    -6    -5  (  -0.182203E-04 ,   0.221825E-04 )
    -4    -6    -5  (  -0.743857E-04 ,   0.858218E-04 )
    -3    -6    -5  (  -0.423902E-04 ,   0.566782E-04 )
    -2    -6    -5  (   0.102765E-04 ,  -0.112179E-04 )
    -1    -6    -5  (   0.170227E-04 ,  -0.159237E-04 )
     0    -5    -5  (  -0.167525E-05 ,  -0.130420E-05 )
     1    -5    -5  (  -0.341811E-05 ,   0.417544E-05 )
    -7    -5    -5  (   0.672309E-04 ,  -0.773037E-04 )
    -6    -5    -5  (  -0.182200E-04 ,   0.221818E-04 )
    -5    -5    -5  (  -0.237628E-03 ,   0.286407E-03 )
    -4    -5    -5  (  -0.326021E-03 ,   0.445208E-03 )
    -3    -5    -5  (  -0.305496E-03 ,   0.376227E-03 )
    -2    -5    -5  (  -0.156597E-03 ,   0.172622E-03 )
    -1    -5    -5  (  -0.162804E-04 ,   0.207338E-04 )
     0    -4    -5  (   0.227401E-06 ,   0.125209E-06 )
     1    -4    -5  (  -0.119496E-04 ,   0.198731E-04 )
    -7    -4    -5  (   0.540900E-04 ,  -0.627870E-04 )
    -6    -4    -5  (  -0.743808E-04 ,   0.858151E-04 )
    -5    -4    -5  (  -0.326009E-03 ,   0.445195E-03 )
    -4    -4    -5  (  -0.348170E-03 ,   0.407456E-03 )
    -3    -4    -5  (  -0.188609E-03 ,   0.105367E-03 )
    -2    -4    -5  (  -0.121369E-03 ,   0.166761E-03 )
    -1    -4    -5  (  -0.605626E-04 ,   0.115208E-03 )
     0    -3    -5  (   0.137934E-04 ,  -0.376763E-04 )
     1    -3    -5  (  -0.395275E-05 ,   0.728083E-05 )
     2    -3    -5  (  -0.197699E-04 ,   0.236860E-04 )
    -7    -3    -5  (   0.350214E-04 ,  -0.495319E-04 )
    -6    -3    -5  (  -0.423850E-04 ,   0.566726E-04 )
    -5    -3    -5  (  -0.305480E-03 ,   0.376209E-03 )
    -4    -3    -5  (  -0.188609E-03 ,   0.105362E-03 )
    -3    -3    -5  (   0.317378E-03 ,  -0.380030E-03 )
    -2    -3    -5  (   0.163127E-03 ,  -0.497366E-04 )
    -1    -3    -5  (  -0.748822E-04 ,   0.100470E-03 )
     0    -2    -5  (   0.740105E-04 ,  -0.953172E-04 )
     1    -2    -5  (   0.219523E-04 ,  -0.249524E-04 )
     2    -2    -5  (  -0.288472E-04 ,   0.351792E-04 )
    -7    -2    -5  (   0.158178E-04 ,  -0.267538E-04 )
    -6    -2    -5  (   0.102755E-04 ,  -0.112164E-04 )
    -5    -2    -5  (  -0.156587E-03 ,   0.172606E-03 )
    -4    -2    -5  (  -0.121361E-03 ,   0.166751E-03 )
    -3    -2    -5  (   0.163131E-03 ,  -0.497336E-04 )
    -2    -2    -5  (   0.358419E-04 ,  -0.425153E-04 )
    -1    -2    -5  (  -0.410569E-04 ,  -0.208889E-04 )
     0    -1    -5  (   0.107634E-03 ,  -0.121906E-03 )
     1    -1    -5  (   0.296110E-04 ,  -0.417008E-04 )
     2    -1    -5  (  -0.301603E-04 ,   0.413265E-04 )
    -6    -1    -5  (   0.170201E-04 ,  -0.159190E-04 )
    -5    -1    -5  (  -0.162780E-04 ,   0.207311E-04 )
    -4    -1    -5  (  -0.605599E-04 ,   0.115211E-03 )
    -3    -1    -5  (  -0.748908E-04 ,   0.100481E-03 )
    -2    -1    -5  (  -0.410616E-04 ,  -0.208877E-04 )
    -1    -1    -5  (   0.609940E-04 ,  -0.745333E-04 )
     0     0    -4  (  -0.406740E-03 ,   0.411601E-03 )
     1     0    -4  (   0.147465E-03 ,  -0.214550E-03 )
     2     0    -4  (   0.109837E-03 ,  -0.140332E-03 )
     3     0    -4  (  -0.342104E-04 ,   0.417878E-04 )
    -6     0    -4  (  -0.352721E-05 ,   0.448281E-06 )
    -5     0    -4  (  -0.154313E-05 ,   0.246612E-05 )
    -4     0    -4  (  -0.206443E-04 ,  -0.160716E-04 )
    -3     0    -4  (   0.281184E-04 ,  -0.370358E-04 )
    -2     0    -4  (  -0.176392E-03 ,   0.393747E-03 )
    -1     0    -4  (  -0.699616E-03 ,   0.885645E-03 )
     0     1    -4  (   0.147455E-03 ,  -0.214534E-03 )
     1     1    -4  (   0.186616E-03 ,  -0.242720E-03 )
     2     1    -4  (   0.440698E-04 ,  -0.584402E-04 )
     3     1    -4  (  -0.362638E-04 ,   0.475827E-04 )
    -5     1    -4  (  -0.105673E-04 ,   0.180197E-04 )
    -4     1    -4  (   0.184699E-04 ,  -0.226451E-04 )
    -3     1    -4  (   0.993131E-04 ,  -0.103121E-03 )
    -2     1    -4  (   0.802780E-04 ,  -0.102969E-03 )
    -1     1    -4  (   0.345342E-04 ,  -0.106029E-03 )
     0     2    -4  (   0.109821E-03 ,  -0.140310E-03 )
     1     2    -4  (   0.440662E-04 ,  -0.584359E-04 )
     2     2    -4  (  -0.261651E-04 ,   0.352670E-04 )
     3     2    -4  (  -0.265663E-04 ,   0.372533E-04 )
    -4     2    -4  (  -0.241934E-04 ,   0.296180E-04 )
    -3     2    -4  (  -0.709368E-05 ,   0.941144E-05 )
    -2     2    -4  (   0.535059E-04 ,  -0.731372E-04 )
    -1     2    -4  (   0.110695E-03 ,  -0.144720E-03 )
     0     3    -4  (  -0.342038E-04 ,   0.417793E-04 )
     1     3    -4  (  -0.362586E-04 ,   0.475762E-04 )
     2     3    -4  (  -0.265646E-04 ,   0.372508E-04 )
    -3     3    -4  (  -0.140999E-04 ,   0.202386E-04 )
    -2     3    -4  (  -0.317513E-04 ,   0.438745E-04 )
    -1     3    -4  (  -0.343850E-04 ,   0.438372E-04 )
    -6    -7    -4  (   0.464085E-04 ,  -0.535359E-04 )
    -5    -7    -4  (   0.543365E-04 ,  -0.631876E-04 )
    -4    -7    -4  (   0.373719E-04 ,  -0.533631E-04 )
    -3    -7    -4  (   0.309242E-04 ,  -0.465475E-04 )
    -2    -7    -4  (   0.241657E-04 ,  -0.306224E-04 )
    -1    -7    -4  (   0.643984E-05 ,  -0.406206E-05 )
     0    -6    -4  (  -0.352273E-05 ,   0.443829E-06 )
    -7    -6    -4  (   0.464064E-04 ,  -0.535335E-04 )
    -6    -6    -4  (   0.442286E-04 ,  -0.514586E-04 )
    -5    -6    -4  (  -0.750546E-04 ,   0.867777E-04 )
    -4    -6    -4  (  -0.164009E-03 ,   0.224399E-03 )
    -3    -6    -4  (  -0.158887E-03 ,   0.200351E-03 )
    -2    -6    -4  (  -0.602288E-04 ,   0.679295E-04 )
    -1    -6    -4  (   0.298362E-05 ,  -0.375445E-05 )
     0    -5    -4  (  -0.154504E-05 ,   0.246844E-05 )
     1    -5    -4  (  -0.105680E-04 ,   0.180192E-04 )
    -7    -5    -4  (   0.543315E-04 ,  -0.631810E-04 )
    -6    -5    -4  (  -0.750512E-04 ,   0.867732E-04 )
    -5    -5    -4  (  -0.331177E-03 ,   0.450810E-03 )
    -4    -5    -4  (  -0.354224E-03 ,   0.413703E-03 )
    -3    -5    -4  (  -0.191993E-03 ,   0.110345E-03 )
    -2    -5    -4  (  -0.129784E-03 ,   0.177352E-03 )
    -1    -5    -4  (  -0.696790E-04 ,   0.126233E-03 )
     0    -4    -4  (  -0.206397E-04 ,  -0.160682E-04 )
     1    -4    -4  (   0.184717E-04 ,  -0.226476E-04 )
     2    -4    -4  (  -0.241966E-04 ,   0.296234E-04 )
    -7    -4    -4  (   0.373653E-04 ,  -0.533546E-04 )
    -6    -4    -4  (  -0.163992E-03 ,   0.224379E-03 )
    -5    -4    -4  (  -0.354210E-03 ,   0.413688E-03 )
    -4    -4    -4  (   0.788662E-03 ,  -0.130522E-02 )
    -3    -4    -4  (   0.237684E-02 ,  -0.306485E-02 )
    -2    -4    -4  (   0.143579E-02 ,  -0.159966E-02 )
    -1    -4    -4  (   0.537104E-04 ,  -0.710195E-04 )
     0    -3    -4  (   0.281001E-04 ,  -0.370129E-04 )
     1    -3    -4  (   0.993297E-04 ,  -0.103150E-03 )
     2    -3    -4  (  -0.709554E-05 ,   0.941333E-05 )
     3    -3    -4  (  -0.141037E-04 ,   0.202424E-04 )
    -7    -3    -4  (   0.309160E-04 ,  -0.465378E-04 )
    -6    -3    -4  (  -0.158865E-03 ,   0.200324E-03 )
    -5    -3    -4  (  -0.191985E-03 ,   0.110329E-03 )
    -4    -3    -4  (   0.237676E-02 ,  -0.306475E-02 )
    -3    -3    -4  (   0.622246E-02 ,  -0.749121E-02 )
    -2    -3    -4  (   0.473401E-02 ,  -0.611725E-02 )
    -1    -3    -4  (   0.999439E-03 ,  -0.152993E-02 )
     0    -2    -4  (  -0.176495E-03 ,   0.393851E-03 )
     1    -2    -4  (   0.803053E-04 ,  -0.103004E-03 )
     2    -2    -4  (   0.535194E-04 ,  -0.731529E-04 )
     3    -2    -4  (  -0.317584E-04 ,   0.438843E-04 )
    -7    -2    -4  (   0.241579E-04 ,  -0.306131E-04 )
    -6    -2    -4  (  -0.602168E-04 ,   0.679126E-04 )
    -5    -2    -4  (  -0.129757E-03 ,   0.177317E-03 )
    -4    -2    -4  (   0.143572E-02 ,  -0.159953E-02 )
    -3    -2    -4  (   0.473389E-02 ,  -0.611709E-02 )
    -2    -2    -4  (   0.494581E-02 ,  -0.687069E-02 )
    -1    -2    -4  (   0.144950E-02 ,  -0.176090E-02 )
     0    -1    -4  (  -0.699693E-03 ,   0.885745E-03 )
     1    -1    -4  (   0.345480E-04 ,  -0.106040E-03 )
     2    -1    -4  (   0.110716E-03 ,  -0.144747E-03 )
     3    -1    -4  (  -0.343923E-04 ,   0.438476E-04 )
    -7    -1    -4  (   0.643704E-05 ,  -0.405741E-05 )
    -6    -1    -4  (   0.298223E-05 ,  -0.375214E-05 )
    -5    -1    -4  (  -0.696555E-04 ,   0.126210E-03 )
    -4    -1    -4  (   0.536923E-04 ,  -0.709959E-04 )
    -3    -1    -4  (   0.999419E-03 ,  -0.152994E-02 )
    -2    -1    -4  (   0.144962E-02 ,  -0.176105E-02 )
    -1    -1    -4  (  -0.177762E-03 ,   0.568014E-03 )
     0     0    -3  (  -0.707185E-02 ,   0.909288E-02 )
     1     0    -3  (  -0.323751E-02 ,   0.426975E-02 )
     2     0    -3  (  -0.187805E-03 ,   0.255428E-03 )
     3     0    -3  (   0.149820E-03 ,  -0.193860E-03 )
     4     0    -3  (  -0.315351E-04 ,   0.423073E-04 )
    -6     0    -3  (  -0.379578E-05 ,   0.375195E-05 )
    -5     0    -3  (   0.957762E-06 ,  -0.202374E-04 )
    -4     0    -3  (   0.374476E-04 ,  -0.488961E-04 )
    -3     0    -3  (   0.132313E-03 ,   0.103009E-03 )
    -2     0    -3  (  -0.131305E-02 ,   0.165015E-02 )
    -1     0    -3  (  -0.559882E-02 ,   0.652980E-02 )
     0     1    -3  (  -0.323714E-02 ,   0.426930E-02 )
     1     1    -3  (  -0.133200E-02 ,   0.172418E-02 )
     2     1    -3  (   0.739576E-04 ,  -0.114226E-03 )
     3     1    -3  (   0.117172E-03 ,  -0.156804E-03 )
     4     1    -3  (  -0.344213E-04 ,   0.438250E-04 )
    -6     1    -3  (  -0.566291E-05 ,   0.106587E-04 )
    -5     1    -3  (  -0.313859E-05 ,   0.615195E-05 )
    -4     1    -3  (   0.902175E-04 ,  -0.921223E-04 )
    -3     1    -3  (  -0.120918E-03 ,   0.155637E-03 )
    -2     1    -3  (  -0.133672E-02 ,   0.152437E-02 )
    -1     1    -3  (  -0.304408E-02 ,   0.384205E-02 )
     0     2    -3  (  -0.187778E-03 ,   0.255393E-03 )
     1     2    -3  (   0.739485E-04 ,  -0.114216E-03 )
     2     2    -3  (   0.184091E-03 ,  -0.254761E-03 )
     3     2    -3  (   0.317507E-04 ,  -0.452411E-04 )
     4     2    -3  (  -0.355781E-04 ,   0.423891E-04 )
    -5     2    -3  (  -0.177410E-04 ,   0.213419E-04 )
    -4     2    -3  (  -0.666645E-05 ,   0.897030E-05 )
    -3     2    -3  (   0.104071E-03 ,  -0.144117E-03 )
    -2     2    -3  (   0.142587E-03 ,  -0.190317E-03 )
    -1     2    -3  (  -0.760529E-04 ,   0.137205E-03 )
     0     3    -3  (   0.149783E-03 ,  -0.193817E-03 )
     1     3    -3  (   0.117152E-03 ,  -0.156778E-03 )
     2     3    -3  (   0.317476E-04 ,  -0.452372E-04 )
     3     3    -3  (  -0.324671E-04 ,   0.387842E-04 )
     4     3    -3  (  -0.167536E-04 ,   0.199003E-04 )
    -4     3    -3  (  -0.135039E-04 ,   0.194295E-04 )
    -3     3    -3  (  -0.275089E-04 ,   0.379160E-04 )
    -2     3    -3  (   0.343487E-04 ,  -0.393711E-04 )
    -1     3    -3  (   0.118685E-03 ,  -0.146095E-03 )
     0     4    -3  (  -0.315273E-04 ,   0.422962E-04 )
     1     4    -3  (  -0.344139E-04 ,   0.438147E-04 )
     2     4    -3  (  -0.355722E-04 ,   0.423817E-04 )
     3     4    -3  (  -0.167522E-04 ,   0.198986E-04 )
    -2     4    -3  (  -0.272021E-04 ,   0.321456E-04 )
    -1     4    -3  (  -0.350790E-04 ,   0.446005E-04 )
    -6    -7    -3  (   0.228237E-04 ,  -0.239349E-04 )
    -5    -7    -3  (   0.353094E-04 ,  -0.499779E-04 )
    -4    -7    -3  (   0.309227E-04 ,  -0.465487E-04 )
    -3    -7    -3  (   0.249239E-04 ,  -0.334175E-04 )
    -2    -7    -3  (   0.171953E-04 ,  -0.184407E-04 )
    -1    -7    -3  (   0.130161E-05 ,  -0.146746E-05 )
     0    -6    -3  (  -0.379021E-05 ,   0.374558E-05 )
     1    -6    -3  (  -0.566157E-05 ,   0.106558E-04 )
    -7    -6    -3  (   0.228223E-04 ,  -0.239330E-04 )
    -6    -6    -3  (   0.375320E-04 ,  -0.535241E-04 )
    -5    -6    -3  (  -0.433008E-04 ,   0.574417E-04 )
    -4    -6    -3  (  -0.159420E-03 ,   0.200837E-03 )
    -3    -6    -3  (  -0.163496E-03 ,   0.183212E-03 )
    -2    -6    -3  (  -0.680089E-04 ,   0.925050E-04 )
    -1    -6    -3  (  -0.715371E-05 ,   0.129205E-04 )
     0    -5    -3  (   0.941433E-06 ,  -0.202110E-04 )
     1    -5    -3  (  -0.313790E-05 ,   0.615085E-05 )
     2    -5    -3  (  -0.177402E-04 ,   0.213425E-04 )
    -7    -5    -3  (   0.353037E-04 ,  -0.499704E-04 )
    -6    -5    -3  (  -0.432977E-04 ,   0.574378E-04 )
    -5    -5    -3  (  -0.312224E-03 ,   0.383918E-03 )
    -4    -5    -3  (  -0.191901E-03 ,   0.112466E-03 )
    -3    -5    -3  (   0.329746E-03 ,  -0.395353E-03 )
    -2    -5    -3  (   0.169607E-03 ,  -0.644185E-04 )
    -1    -5    -3  (  -0.897591E-04 ,   0.118627E-03 )
     0    -4    -3  (   0.374507E-04 ,  -0.489000E-04 )
     1    -4    -3  (   0.902133E-04 ,  -0.921256E-04 )
     2    -4    -3  (  -0.666733E-05 ,   0.897122E-05 )
     3    -4    -3  (  -0.135064E-04 ,   0.194315E-04 )
    -7    -4    -3  (   0.309144E-04 ,  -0.465390E-04 )
    -6    -4    -3  (  -0.159400E-03 ,   0.200811E-03 )
    -5    -4    -3  (  -0.191894E-03 ,   0.112455E-03 )
    -4    -4    -3  (   0.241154E-02 ,  -0.310803E-02 )
    -3    -4    -3  (   0.637248E-02 ,  -0.769600E-02 )
    -2    -4    -3  (   0.496290E-02 ,  -0.642020E-02 )
    -1    -4    -3  (   0.112568E-02 ,  -0.168925E-02 )
     0    -3    -3  (   0.132282E-03 ,   0.102985E-03 )
     1    -3    -3  (  -0.120921E-03 ,   0.155641E-03 )
     2    -3    -3  (   0.104093E-03 ,  -0.144139E-03 )
     3    -3    -3  (  -0.275137E-04 ,   0.379230E-04 )
    -7    -3    -3  (   0.249152E-04 ,  -0.334072E-04 )
    -6    -3    -3  (  -0.163463E-03 ,   0.183167E-03 )
    -5    -3    -3  (   0.329718E-03 ,  -0.395319E-03 )
    -4    -3    -3  (   0.637214E-02 ,  -0.769553E-02 )
    -3    -3    -3  (   0.186597E-01 ,  -0.239452E-01 )
    -2    -3    -3  (   0.207315E-01 ,  -0.277312E-01 )
    -1    -3    -3  (   0.790970E-02 ,  -0.100819E-01 )
     0    -2    -3  (  -0.131366E-02 ,   0.165096E-02 )
     1    -2    -3  (  -0.133698E-02 ,   0.152476E-02 )
     2    -2    -3  (   0.142611E-03 ,  -0.190349E-03 )
     3    -2    -3  (   0.343557E-04 ,  -0.393807E-04 )
     4    -2    -3  (  -0.272096E-04 ,   0.321542E-04 )
    -7    -2    -3  (   0.171864E-04 ,  -0.184283E-04 )
    -6    -2    -3  (  -0.679785E-04 ,   0.924652E-04 )
    -5    -2    -3  (   0.169596E-03 ,  -0.643823E-04 )
    -4    -2    -3  (   0.496226E-02 ,  -0.641936E-02 )
    -3    -2    -3  (   0.207305E-01 ,  -0.277299E-01 )
    -2    -2    -3  (   0.321547E-01 ,  -0.410435E-01 )
    -1    -2    -3  (   0.143577E-01 ,  -0.172542E-01 )
     0    -1    -3  (  -0.559981E-02 ,   0.653115E-02 )
     1    -1    -3  (  -0.304473E-02 ,   0.384287E-02 )
     2    -1    -3  (  -0.760852E-04 ,   0.137225E-03 )
     3    -1    -3  (   0.118716E-03 ,  -0.146134E-03 )
     4    -1    -3  (  -0.350889E-04 ,   0.446122E-04 )
    -7    -1    -3  (   0.129512E-05 ,  -0.145810E-05 )
    -6    -1    -3  (  -0.714610E-05 ,   0.129113E-04 )
    -5    -1    -3  (  -0.897339E-04 ,   0.118596E-03 )
    -4    -1    -3  (   0.112537E-02 ,  -0.168891E-02 )
    -3    -1    -3  (   0.790906E-02 ,  -0.100811E-01 )
    -2    -1    -3  (   0.143577E-01 ,  -0.172541E-01 )
    -1    -1    -3  (   0.393871E-02 ,  -0.560247E-02 )
     0     0    -2  (  -0.265582E-01 ,   0.357764E-01 )
     1     0    -2  (  -0.206214E-01 ,   0.269278E-01 )
     2     0    -2  (  -0.578936E-02 ,   0.741061E-02 )
     3     0    -2  (  -0.187286E-03 ,   0.227945E-03 )
     4     0    -2  (   0.102990E-03 ,  -0.131603E-03 )
     5     0    -2  (  -0.341539E-04 ,   0.397779E-04 )
    -6     0    -2  (  -0.552173E-05 ,   0.897170E-05 )
    -5     0    -2  (   0.499664E-04 ,  -0.626552E-04 )
    -4     0    -2  (  -0.625671E-04 ,   0.238905E-03 )
    -3     0    -2  (  -0.586953E-03 ,   0.704698E-03 )
    -2     0    -2  (  -0.758163E-03 ,  -0.590208E-03 )
    -1     0    -2  (  -0.846321E-02 ,   0.108434E-01 )
     0     1    -2  (  -0.206185E-01 ,   0.269239E-01 )
     1     1    -2  (  -0.137800E-01 ,   0.177860E-01 )
     2     1    -2  (  -0.403439E-02 ,   0.510097E-02 )
     3     1    -2  (  -0.106610E-03 ,   0.113462E-03 )
     4     1    -2  (   0.108611E-03 ,  -0.136918E-03 )
     5     1    -2  (  -0.305209E-04 ,   0.371606E-04 )
    -6     1    -2  (  -0.134428E-04 ,   0.198783E-04 )
    -5     1    -2  (   0.181000E-04 ,  -0.198712E-04 )
    -4     1    -2  (   0.654349E-04 ,  -0.848540E-04 )
    -3     1    -2  (  -0.121077E-02 ,   0.136541E-02 )
    -2     1    -2  (  -0.609219E-02 ,   0.766157E-02 )
    -1     1    -2  (  -0.150101E-01 ,   0.199125E-01 )
     0     2    -2  (  -0.578807E-02 ,   0.740890E-02 )
     1     2    -2  (  -0.403385E-02 ,   0.510030E-02 )
     2     2    -2  (  -0.102860E-02 ,   0.126090E-02 )
     3     2    -2  (   0.152410E-03 ,  -0.187852E-03 )
     4     2    -2  (   0.573191E-04 ,  -0.701947E-04 )
     5     2    -2  (  -0.264197E-04 ,   0.355905E-04 )
    -5     2    -2  (  -0.250651E-04 ,   0.307189E-04 )
    -4     2    -2  (   0.480661E-04 ,  -0.658697E-04 )
    -3     2    -2  (   0.134191E-03 ,  -0.179751E-03 )
    -2     2    -2  (  -0.881004E-03 ,   0.121270E-02 )
    -1     2    -2  (  -0.378525E-02 ,   0.494674E-02 )
     0     3    -2  (  -0.187225E-03 ,   0.227872E-03 )
     1     3    -2  (  -0.106581E-03 ,   0.113439E-03 )
     2     3    -2  (   0.152392E-03 ,  -0.187828E-03 )
     3     3    -2  (   0.121353E-03 ,  -0.147880E-03 )
     4     3    -2  (  -0.767895E-05 ,   0.966690E-05 )
     5     3    -2  (  -0.184385E-04 ,   0.247224E-04 )
    -4     3    -2  (  -0.292521E-04 ,   0.405642E-04 )
    -3     3    -2  (   0.329990E-04 ,  -0.376562E-04 )
    -2     3    -2  (   0.182758E-03 ,  -0.217290E-03 )
    -1     3    -2  (   0.815961E-04 ,  -0.961556E-04 )
     0     4    -2  (   0.102959E-03 ,  -0.131562E-03 )
     1     4    -2  (   0.108579E-03 ,  -0.136878E-03 )
     2     4    -2  (   0.573060E-04 ,  -0.701787E-04 )
     3     4    -2  (  -0.767824E-05 ,   0.966569E-05 )
     4     4    -2  (  -0.247483E-04 ,   0.326776E-04 )
    -3     4    -2  (  -0.263018E-04 ,   0.311160E-04 )
    -2     4    -2  (  -0.250459E-04 ,   0.308969E-04 )
    -1     4    -2  (   0.419117E-04 ,  -0.527781E-04 )
     0     5    -2  (  -0.341420E-04 ,   0.397641E-04 )
     1     5    -2  (  -0.305104E-04 ,   0.371480E-04 )
     2     5    -2  (  -0.264120E-04 ,   0.355797E-04 )
     3     5    -2  (  -0.184345E-04 ,   0.247166E-04 )
    -1     5    -2  (  -0.248184E-04 ,   0.318632E-04 )
    -5    -7    -2  (   0.158928E-04 ,  -0.267043E-04 )
    -4    -7    -2  (   0.238107E-04 ,  -0.302421E-04 )
    -3    -7    -2  (   0.168734E-04 ,  -0.181107E-04 )
    -2    -7    -2  (   0.474790E-05 ,  -0.572696E-05 )
    -1    -7    -2  (  -0.421423E-05 ,   0.193030E-05 )
     0    -6    -2  (  -0.551639E-05 ,   0.896399E-05 )
     1    -6    -2  (  -0.134381E-04 ,   0.198715E-04 )
    -6    -6    -2  (   0.272151E-04 ,  -0.416783E-04 )
    -5    -6    -2  (   0.103504E-04 ,  -0.114393E-04 )
    -4    -6    -2  (  -0.600283E-04 ,   0.680857E-04 )
    -3    -6    -2  (  -0.676684E-04 ,   0.918692E-04 )
    -2    -6    -2  (  -0.348421E-04 ,   0.584154E-04 )
    -1    -6    -2  (  -0.555254E-05 ,   0.212931E-05 )
     0    -5    -2  (   0.499249E-04 ,  -0.625998E-04 )
     1    -5    -2  (   0.180954E-04 ,  -0.198659E-04 )
     2    -5    -2  (  -0.250633E-04 ,   0.307170E-04 )
    -7    -5    -2  (   0.158882E-04 ,  -0.266990E-04 )
    -6    -5    -2  (   0.103494E-04 ,  -0.114383E-04 )
    -5    -5    -2  (  -0.160841E-03 ,   0.179548E-03 )
    -4    -5    -2  (  -0.133189E-03 ,   0.182137E-03 )
    -3    -5    -2  (   0.167997E-03 ,  -0.656719E-04 )
    -2    -5    -2  (   0.604535E-04 ,  -0.762581E-04 )
    -1    -5    -2  (  -0.478808E-04 ,  -0.442798E-05 )
     0    -4    -2  (  -0.624100E-04 ,   0.238657E-03 )
     1    -4    -2  (   0.654284E-04 ,  -0.848473E-04 )
     2    -4    -2  (   0.480672E-04 ,  -0.658689E-04 )
     3    -4    -2  (  -0.292535E-04 ,   0.405664E-04 )
    -7    -4    -2  (   0.238021E-04 ,  -0.302320E-04 )
    -6    -4    -2  (  -0.600159E-04 ,   0.680690E-04 )
    -5    -4    -2  (  -0.133170E-03 ,   0.182112E-03 )
    -4    -4    -2  (   0.146910E-02 ,  -0.165445E-02 )
    -3    -4    -2  (   0.501442E-02 ,  -0.648708E-02 )
    -2    -4    -2  (   0.553845E-02 ,  -0.760595E-02 )
    -1    -4    -2  (   0.190605E-02 ,  -0.234096E-02 )
     0    -3    -2  (  -0.585908E-03 ,   0.703351E-03 )
     1    -3    -2  (  -0.121074E-02 ,   0.136543E-02 )
     2    -3    -2  (   0.134196E-03 ,  -0.179759E-03 )
     3    -3    -2  (   0.330030E-04 ,  -0.376618E-04 )
     4    -3    -2  (  -0.263072E-04 ,   0.311223E-04 )
    -7    -3    -2  (   0.168638E-04 ,  -0.180975E-04 )
    -6    -3    -2  (  -0.676373E-04 ,   0.918279E-04 )
    -5    -3    -2  (   0.167982E-03 ,  -0.656387E-04 )
    -4    -3    -2  (   0.501390E-02 ,  -0.648639E-02 )
    -3    -3    -2  (   0.212012E-01 ,  -0.282951E-01 )
    -2    -3    -2  (   0.335032E-01 ,  -0.427238E-01 )
    -1    -3    -2  (   0.158816E-01 ,  -0.192412E-01 )
     0    -2    -2  (  -0.757990E-03 ,  -0.590073E-03 )
     1    -2    -2  (  -0.609324E-02 ,   0.766291E-02 )
     2    -2    -2  (  -0.881207E-03 ,   0.121291E-02 )
     3    -2    -2  (   0.182802E-03 ,  -0.217344E-03 )
     4    -2    -2  (  -0.250521E-04 ,   0.309040E-04 )
    -7    -2    -2  (   0.473744E-05 ,  -0.571202E-05 )
    -6    -2    -2  (  -0.348093E-04 ,   0.583747E-04 )
    -5    -2    -2  (   0.603974E-04 ,  -0.761816E-04 )
    -4    -2    -2  (   0.553710E-02 ,  -0.760428E-02 )
    -3    -2    -2  (   0.335002E-01 ,  -0.427200E-01 )
    -2    -2    -2  (   0.742361E-01 ,  -0.909781E-01 )
    -1    -2    -2  (   0.467225E-01 ,  -0.611370E-01 )
     0    -1    -2  (  -0.846677E-02 ,   0.108479E-01 )
     1    -1    -2  (  -0.150137E-01 ,   0.199169E-01 )
     2    -1    -2  (  -0.378616E-02 ,   0.494791E-02 )
     3    -1    -2  (   0.816289E-04 ,  -0.961748E-04 )
     4    -1    -2  (   0.419241E-04 ,  -0.527923E-04 )
     5    -1    -2  (  -0.248258E-04 ,   0.318735E-04 )
    -7    -1    -2  (  -0.422243E-05 ,   0.194001E-05 )
    -6    -1    -2  (  -0.554172E-05 ,   0.211379E-05 )
    -5    -1    -2  (  -0.478701E-04 ,  -0.446461E-05 )
    -4    -1    -2  (   0.190513E-02 ,  -0.233979E-02 )
    -3    -1    -2  (   0.158782E-01 ,  -0.192366E-01 )
    -2    -1    -2  (   0.467191E-01 ,  -0.611325E-01 )
    -1    -1    -2  (   0.405420E-01 ,  -0.589478E-01 )
     0     0    -1  (  -0.377604E-01 ,   0.497436E-01 )
     1     0    -1  (  -0.489361E-01 ,   0.625152E-01 )
     2     0    -1  (  -0.196601E-01 ,   0.248004E-01 )
     3     0    -1  (  -0.300810E-02 ,   0.379501E-02 )
     4     0    -1  (   0.151514E-03 ,  -0.171296E-03 )
     5     0    -1  (   0.655150E-05 ,  -0.873498E-05 )
     6     0    -1  (  -0.877701E-05 ,   0.136382E-04 )
    -6     0    -1  (  -0.134526E-04 ,   0.208497E-04 )
    -5     0    -1  (   0.804516E-04 ,  -0.881092E-04 )
    -4     0    -1  (  -0.511579E-03 ,   0.643965E-03 )
    -3     0    -1  (  -0.379486E-02 ,   0.426148E-02 )
    -2     0    -1  (  -0.408199E-02 ,   0.533741E-02 )
    -1     0    -1  (   0.443395E-02 ,   0.345188E-02 )
     0     1    -1  (  -0.489254E-01 ,   0.625006E-01 )
     1     1    -1  (  -0.380860E-01 ,   0.476773E-01 )
     2     1    -1  (  -0.155682E-01 ,   0.194852E-01 )
     3     1    -1  (  -0.280923E-02 ,   0.367990E-02 )
     4     1    -1  (   0.833593E-04 ,  -0.559611E-04 )
     5     1    -1  (   0.292425E-04 ,  -0.346693E-04 )
     6     1    -1  (  -0.172667E-04 ,   0.233992E-04 )
    -6     1    -1  (  -0.174155E-04 ,   0.209751E-04 )
    -5     1    -1  (   0.241061E-04 ,  -0.340559E-04 )
    -4     1    -1  (   0.277257E-04 ,  -0.896055E-04 )
    -3     1    -1  (  -0.258857E-02 ,   0.326331E-02 )
    -2     1    -1  (  -0.134896E-01 ,   0.179300E-01 )
    -1     1    -1  (  -0.341097E-01 ,   0.450017E-01 )
     0     2    -1  (  -0.196539E-01 ,   0.247924E-01 )
     1     2    -1  (  -0.155647E-01 ,   0.194807E-01 )
     2     2    -1  (  -0.639248E-02 ,   0.837734E-02 )
     3     2    -1  (  -0.116219E-02 ,   0.166083E-02 )
     4     2    -1  (   0.780400E-04 ,  -0.996346E-04 )
     5     2    -1  (   0.170901E-04 ,  -0.249051E-04 )
     6     2    -1  (  -0.173950E-04 ,   0.196034E-04 )
    -5     2    -1  (  -0.259369E-04 ,   0.355206E-04 )
    -4     2    -1  (   0.970315E-04 ,  -0.126656E-03 )
    -3     2    -1  (  -0.695887E-04 ,   0.122557E-03 )
    -2     2    -1  (  -0.355689E-02 ,   0.464448E-02 )
    -1     2    -1  (  -0.125729E-01 ,   0.159763E-01 )
     0     3    -1  (  -0.300699E-02 ,   0.379365E-02 )
     1     3    -1  (  -0.280821E-02 ,   0.367857E-02 )
     2     3    -1  (  -0.116191E-02 ,   0.166046E-02 )
     3     3    -1  (  -0.122607E-03 ,   0.157028E-03 )
     4     3    -1  (   0.774523E-04 ,  -0.120181E-03 )
     5     3    -1  (  -0.569634E-05 ,   0.521572E-05 )
     6     3    -1  (  -0.977041E-05 ,   0.948392E-05 )
    -4     3    -1  (  -0.307803E-04 ,   0.395685E-04 )
    -3     3    -1  (   0.109616E-03 ,  -0.134823E-03 )
    -2     3    -1  (   0.782206E-04 ,  -0.911888E-04 )
    -1     3    -1  (  -0.119096E-02 ,   0.151537E-02 )
     0     4    -1  (   0.151454E-03 ,  -0.171227E-03 )
     1     4    -1  (   0.833266E-04 ,  -0.559371E-04 )
     2     4    -1  (   0.780081E-04 ,  -0.995919E-04 )
     3     4    -1  (   0.774330E-04 ,  -0.120155E-03 )
     4     4    -1  (   0.182431E-04 ,  -0.245013E-04 )
     5     4    -1  (  -0.160425E-04 ,   0.166867E-04 )
    -3     4    -1  (  -0.328784E-04 ,   0.416976E-04 )
    -2     4    -1  (   0.404458E-04 ,  -0.507942E-04 )
    -1     4    -1  (   0.168555E-03 ,  -0.211356E-03 )
     0     5    -1  (   0.654843E-05 ,  -0.873136E-05 )
     1     5    -1  (   0.292285E-04 ,  -0.346530E-04 )
     2     5    -1  (   0.170809E-04 ,  -0.248938E-04 )
     3     5    -1  (  -0.569436E-05 ,   0.521325E-05 )
     4     5    -1  (  -0.160392E-04 ,   0.166826E-04 )
     5     5    -1  (  -0.361790E-05 ,   0.494859E-05 )
    -2     5    -1  (  -0.240157E-04 ,   0.309423E-04 )
    -1     5    -1  (  -0.304290E-04 ,   0.343365E-04 )
     0     6    -1  (  -0.877344E-05 ,   0.136325E-04 )
     1     6    -1  (  -0.172584E-04 ,   0.233879E-04 )
     2     6    -1  (  -0.173863E-04 ,   0.195933E-04 )
     3     6    -1  (  -0.976608E-05 ,   0.947877E-05 )
    -4    -7    -1  (   0.594582E-05 ,  -0.370132E-05 )
    -3    -7    -1  (   0.786844E-06 ,  -0.803262E-06 )
    -2    -7    -1  (  -0.454975E-05 ,   0.242643E-05 )
    -1    -7    -1  (  -0.359104E-05 ,   0.350155E-05 )
     0    -6    -1  (  -0.134440E-04 ,   0.208368E-04 )
     1    -6    -1  (  -0.174089E-04 ,   0.209677E-04 )
    -6    -6    -1  (   0.757749E-05 ,  -0.855207E-05 )
    -5    -6    -1  (   0.168069E-04 ,  -0.160917E-04 )
    -4    -6    -1  (   0.278710E-05 ,  -0.362855E-05 )
    -3    -6    -1  (  -0.663692E-05 ,   0.118505E-04 )
    -2    -6    -1  (  -0.478993E-05 ,   0.124644E-05 )
    -1    -6    -1  (   0.229396E-05 ,  -0.465287E-05 )
     0    -5    -1  (   0.803992E-04 ,  -0.880465E-04 )
     1    -5    -1  (   0.240988E-04 ,  -0.340447E-04 )
     2    -5    -1  (  -0.259332E-04 ,   0.355147E-04 )
    -6    -5    -1  (   0.168038E-04 ,  -0.160875E-04 )
    -5    -5    -1  (  -0.173066E-04 ,   0.219738E-04 )
    -4    -5    -1  (  -0.708330E-04 ,   0.125335E-03 )
    -3    -5    -1  (  -0.859560E-04 ,   0.114152E-03 )
    -2    -5    -1  (  -0.458022E-04 ,  -0.485960E-05 )
    -1    -5    -1  (   0.378154E-04 ,  -0.414244E-04 )
     0    -4    -1  (  -0.511226E-03 ,   0.643515E-03 )
     1    -4    -1  (   0.277241E-04 ,  -0.895791E-04 )
     2    -4    -1  (   0.970211E-04 ,  -0.126642E-03 )
     3    -4    -1  (  -0.307795E-04 ,   0.395692E-04 )
    -7    -4    -1  (   0.594189E-05 ,  -0.369587E-05 )
    -6    -4    -1  (   0.278524E-05 ,  -0.362604E-05 )
    -5    -4    -1  (  -0.708123E-04 ,   0.125310E-03 )
    -4    -4    -1  (   0.616829E-04 ,  -0.812360E-04 )
    -3    -4    -1  (   0.113490E-02 ,  -0.168208E-02 )
    -2    -4    -1  (   0.185386E-02 ,  -0.227460E-02 )
    -1    -4    -1  (   0.280905E-03 ,  -0.513129E-04 )
     0    -3    -1  (  -0.379173E-02 ,   0.425767E-02 )
     1    -3    -1  (  -0.258819E-02 ,   0.326282E-02 )
     2    -3    -1  (  -0.696062E-04 ,   0.122543E-03 )
     3    -3    -1  (   0.109626E-03 ,  -0.134837E-03 )
     4    -3    -1  (  -0.328832E-04 ,   0.417026E-04 )
    -7    -3    -1  (   0.779174E-06 ,  -0.792396E-06 )
    -6    -3    -1  (  -0.662816E-05 ,   0.118388E-04 )
    -5    -3    -1  (  -0.859222E-04 ,   0.114111E-03 )
    -4    -3    -1  (   0.113461E-02 ,  -0.168172E-02 )
    -3    -3    -1  (   0.818794E-02 ,  -0.104286E-01 )
    -2    -3    -1  (   0.158524E-01 ,  -0.192640E-01 )
    -1    -3    -1  (   0.664097E-02 ,  -0.911128E-02 )
     0    -2    -1  (  -0.407556E-02 ,   0.532929E-02 )
     1    -2    -1  (  -0.134897E-01 ,   0.179299E-01 )
     2    -2    -1  (  -0.355727E-02 ,   0.464496E-02 )
     3    -2    -1  (   0.782458E-04 ,  -0.911966E-04 )
     4    -2    -1  (   0.404549E-04 ,  -0.508039E-04 )
     5    -2    -1  (  -0.240213E-04 ,   0.309506E-04 )
    -7    -2    -1  (  -0.455871E-05 ,   0.243727E-05 )
    -6    -2    -1  (  -0.477738E-05 ,   0.122886E-05 )
    -5    -2    -1  (  -0.457868E-04 ,  -0.489738E-05 )
    -4    -2    -1  (   0.185282E-02 ,  -0.227329E-02 )
    -3    -2    -1  (   0.158489E-01 ,  -0.192595E-01 )
    -2    -2    -1  (   0.482226E-01 ,  -0.631280E-01 )
    -1    -2    -1  (   0.456061E-01 ,  -0.651077E-01 )
     0    -1    -1  (   0.443294E-02 ,   0.345109E-02 )
     1    -1    -1  (  -0.341160E-01 ,   0.450099E-01 )
     2    -1    -1  (  -0.125759E-01 ,   0.159803E-01 )
     3    -1    -1  (  -0.119131E-02 ,   0.151583E-02 )
     4    -1    -1  (   0.168603E-03 ,  -0.211422E-03 )
     5    -1    -1  (  -0.304394E-04 ,   0.343480E-04 )
    -7    -1    -1  (  -0.359562E-05 ,   0.350638E-05 )
    -6    -1    -1  (   0.229682E-05 ,  -0.465676E-05 )
    -5    -1    -1  (   0.378680E-04 ,  -0.415000E-04 )
    -4    -1    -1  (   0.279861E-03 ,  -0.499051E-04 )
    -3    -1    -1  (   0.663483E-02 ,  -0.910330E-02 )
    -2    -1    -1  (   0.455946E-01 ,  -0.650937E-01 )
    -1    -1    -1  (   0.102679     ,  -0.128626     )
