   1.59063685     -0.918354571     -0.649374723    
   3.20456660E-12   1.83670914     -0.649374723    
   3.20460217E-12   3.20456812E-12   1.94812429    
           1          50           1
  0.142857149      0.142857149       0.00000000    
              (-16.176684529141433,0.0000000000000000)   1.0000000000000000     
     0     0     0  (   0.608693E-02 ,   0.529810E-02 )
     1     0     0  (   0.523619E-01 ,  -0.601639E-01 )
     2     0     0  (   0.372487E-01 ,  -0.416912E-01 )
     3     0     0  (   0.882391E-02 ,  -0.103027E-01 )
     4     0     0  (   0.212011E-03 ,  -0.370539E-03 )
     5     0     0  (  -0.106296E-03 ,   0.118137E-03 )
     6     0     0  (   0.382613E-04 ,  -0.461171E-04 )
    -6     0     0  (   0.481479E-04 ,  -0.546145E-04 )
    -5     0     0  (  -0.171266E-03 ,   0.211571E-03 )
    -4     0     0  (   0.106139E-02 ,  -0.104409E-02 )
    -3     0     0  (   0.145614E-01 ,  -0.166532E-01 )
    -2     0     0  (   0.519666E-01 ,  -0.613711E-01 )
    -1     0     0  (   0.721621E-01 ,  -0.816669E-01 )
     0     1     0  (   0.523619E-01 ,  -0.601639E-01 )
     1     1     0  (  -0.154803E-02 ,  -0.134829E-02 )
     2     1     0  (   0.519517E-02 ,  -0.125818E-01 )
     3     1     0  (   0.455252E-02 ,  -0.744154E-02 )
     4     1     0  (   0.564546E-03 ,  -0.732077E-03 )
     5     1     0  (  -0.113160E-03 ,   0.152955E-03 )
     6     1     0  (   0.355996E-04 ,  -0.379288E-04 )
    -6     1     0  (   0.281958E-04 ,  -0.283494E-04 )
    -5     1     0  (  -0.342481E-04 ,   0.425197E-04 )
    -4     1     0  (  -0.211589E-03 ,   0.265950E-03 )
    -3     1     0  (   0.672939E-02 ,  -0.749104E-02 )
    -2     1     0  (   0.394995E-01 ,  -0.434947E-01 )
    -1     1     0  (   0.890633E-01 ,  -0.959606E-01 )
     0     2     0  (   0.372487E-01 ,  -0.416912E-01 )
     1     2     0  (   0.519517E-02 ,  -0.125818E-01 )
     2     2     0  (  -0.367144E-02 ,  -0.319604E-02 )
     3     2     0  (   0.350006E-03 ,  -0.202193E-02 )
     4     2     0  (   0.205707E-03 ,  -0.143582E-03 )
     5     2     0  (  -0.695814E-04 ,   0.104153E-03 )
     6     2     0  (   0.196374E-04 ,  -0.209439E-04 )
    -5     2     0  (   0.607242E-04 ,  -0.726104E-04 )
    -4     2     0  (  -0.219571E-03 ,   0.234141E-03 )
    -3     2     0  (   0.417163E-03 ,  -0.472440E-03 )
    -2     2     0  (   0.105348E-01 ,  -0.114346E-01 )
    -1     2     0  (   0.340884E-01 ,  -0.366333E-01 )
     0     3     0  (   0.882391E-02 ,  -0.103027E-01 )
     1     3     0  (   0.455252E-02 ,  -0.744154E-02 )
     2     3     0  (   0.350006E-03 ,  -0.202193E-02 )
     3     3     0  (  -0.996974E-04 ,  -0.868140E-04 )
     4     3     0  (  -0.477006E-04 ,   0.662423E-04 )
     5     3     0  (  -0.146584E-04 ,   0.258589E-04 )
     6     3     0  (   0.454315E-05 ,  -0.136782E-04 )
    -4     3     0  (   0.612055E-04 ,  -0.634056E-04 )
    -3     3     0  (  -0.274220E-03 ,   0.301147E-03 )
    -2     3     0  (   0.258238E-03 ,  -0.265619E-03 )
    -1     3     0  (   0.478056E-02 ,  -0.515922E-02 )
     0     4     0  (   0.212011E-03 ,  -0.370539E-03 )
     1     4     0  (   0.564546E-03 ,  -0.732077E-03 )
     2     4     0  (   0.205707E-03 ,  -0.143582E-03 )
     3     4     0  (  -0.477006E-04 ,   0.662423E-04 )
     4     4     0  (   0.347641E-05 ,   0.302885E-05 )
     5     4     0  (   0.102056E-06 ,   0.206222E-05 )
     6     4     0  (  -0.238089E-05 ,  -0.103668E-04 )
    -3     4     0  (   0.605265E-04 ,  -0.676742E-04 )
    -2     4     0  (  -0.173335E-03 ,   0.184460E-03 )
    -1     4     0  (  -0.314848E-03 ,   0.311386E-03 )
     0     5     0  (  -0.106296E-03 ,   0.118137E-03 )
     1     5     0  (  -0.113160E-03 ,   0.152955E-03 )
     2     5     0  (  -0.695814E-04 ,   0.104153E-03 )
     3     5     0  (  -0.146584E-04 ,   0.258589E-04 )
     4     5     0  (   0.102056E-06 ,   0.206222E-05 )
     5     5     0  (  -0.802198E-05 ,  -0.698306E-05 )
    -2     5     0  (   0.615375E-04 ,  -0.615477E-04 )
    -1     5     0  (   0.917534E-05 ,  -0.552054E-05 )
     0     6     0  (   0.382613E-04 ,  -0.461171E-04 )
     1     6     0  (   0.355996E-04 ,  -0.379288E-04 )
     2     6     0  (   0.196374E-04 ,  -0.209439E-04 )
     3     6     0  (   0.454315E-05 ,  -0.136782E-04 )
     4     6     0  (  -0.238089E-05 ,  -0.103668E-04 )
     0    -6     0  (   0.481479E-04 ,  -0.546145E-04 )
     1    -6     0  (   0.281958E-04 ,  -0.283494E-04 )
    -5    -6     0  (   0.333035E-07 ,  -0.684738E-05 )
    -4    -6     0  (   0.357764E-05 ,  -0.830415E-05 )
    -3    -6     0  (   0.689999E-05 ,  -0.910671E-05 )
    -2    -6     0  (   0.570131E-05 ,  -0.543266E-05 )
    -1    -6     0  (   0.188270E-04 ,  -0.295323E-04 )
     0    -5     0  (  -0.171266E-03 ,   0.211571E-03 )
     1    -5     0  (  -0.342481E-04 ,   0.425197E-04 )
     2    -5     0  (   0.607242E-04 ,  -0.726104E-04 )
    -6    -5     0  (   0.333035E-07 ,  -0.684738E-05 )
    -5    -5     0  (  -0.261265E-05 ,  -0.227446E-05 )
    -4    -5     0  (   0.145822E-04 ,   0.408948E-05 )
    -3    -5     0  (   0.154508E-05 ,   0.824890E-04 )
    -2    -5     0  (  -0.113679E-03 ,   0.156395E-03 )
    -1    -5     0  (  -0.184169E-03 ,   0.190219E-03 )
     0    -4     0  (   0.106139E-02 ,  -0.104409E-02 )
     1    -4     0  (  -0.211589E-03 ,   0.265950E-03 )
     2    -4     0  (  -0.219571E-03 ,   0.234141E-03 )
     3    -4     0  (   0.612055E-04 ,  -0.634056E-04 )
    -6    -4     0  (   0.357764E-05 ,  -0.830415E-05 )
    -5    -4     0  (   0.145822E-04 ,   0.408948E-05 )
    -4    -4     0  (   0.638517E-04 ,   0.555804E-04 )
    -3    -4     0  (  -0.102161E-03 ,  -0.161591E-04 )
    -2    -4     0  (   0.368511E-03 ,  -0.101691E-02 )
    -1    -4     0  (   0.164739E-02 ,  -0.201411E-02 )
     0    -3     0  (   0.145614E-01 ,  -0.166532E-01 )
     1    -3     0  (   0.672939E-02 ,  -0.749104E-02 )
     2    -3     0  (   0.417163E-03 ,  -0.472440E-03 )
     3    -3     0  (  -0.274220E-03 ,   0.301147E-03 )
     4    -3     0  (   0.605265E-04 ,  -0.676742E-04 )
    -6    -3     0  (   0.689999E-05 ,  -0.910671E-05 )
    -5    -3     0  (   0.154508E-05 ,   0.824890E-04 )
    -4    -3     0  (  -0.102161E-03 ,  -0.161591E-04 )
    -3    -3     0  (  -0.848495E-03 ,  -0.738631E-03 )
    -2    -3     0  (   0.942148E-03 ,  -0.376192E-02 )
    -1    -3     0  (   0.102572E-01 ,  -0.125711E-01 )
     0    -2     0  (   0.519666E-01 ,  -0.613711E-01 )
     1    -2     0  (   0.394995E-01 ,  -0.434947E-01 )
     2    -2     0  (   0.105348E-01 ,  -0.114346E-01 )
     3    -2     0  (   0.258238E-03 ,  -0.265619E-03 )
     4    -2     0  (  -0.173335E-03 ,   0.184460E-03 )
     5    -2     0  (   0.615375E-04 ,  -0.615477E-04 )
    -6    -2     0  (   0.570131E-05 ,  -0.543266E-05 )
    -5    -2     0  (  -0.113679E-03 ,   0.156395E-03 )
    -4    -2     0  (   0.368511E-03 ,  -0.101690E-02 )
    -3    -2     0  (   0.942148E-03 ,  -0.376192E-02 )
    -2    -2     0  (  -0.268707E-02 ,  -0.233939E-02 )
    -1    -2     0  (   0.111661E-01 ,  -0.204737E-01 )
     0    -1     0  (   0.721621E-01 ,  -0.816669E-01 )
     1    -1     0  (   0.890633E-01 ,  -0.959606E-01 )
     2    -1     0  (   0.340884E-01 ,  -0.366333E-01 )
     3    -1     0  (   0.478056E-02 ,  -0.515922E-02 )
     4    -1     0  (  -0.314848E-03 ,   0.311386E-03 )
     5    -1     0  (   0.917534E-05 ,  -0.552054E-05 )
    -6    -1     0  (   0.188270E-04 ,  -0.295323E-04 )
    -5    -1     0  (  -0.184169E-03 ,   0.190219E-03 )
    -4    -1     0  (   0.164739E-02 ,  -0.201411E-02 )
    -3    -1     0  (   0.102572E-01 ,  -0.125711E-01 )
    -2    -1     0  (   0.111661E-01 ,  -0.204737E-01 )
    -1    -1     0  (  -0.153744E-01 ,  -0.133830E-01 )
     0     0     1  (  -0.709353E-01 ,   0.827343E-01 )
     1     0     1  (   0.198252E-02 ,   0.172624E-02 )
     2     0     1  (   0.356930E-01 ,  -0.392436E-01 )
     3     0     1  (   0.135076E-01 ,  -0.153323E-01 )
     4     0     1  (   0.120091E-02 ,  -0.134031E-02 )
     5     0     1  (  -0.210166E-03 ,   0.236486E-03 )
     6     0     1  (   0.495881E-04 ,  -0.497711E-04 )
    -6     0     1  (   0.212162E-04 ,  -0.225899E-04 )
    -5     0     1  (  -0.299739E-04 ,   0.431765E-04 )
    -4     0     1  (  -0.113640E-03 ,   0.142848E-03 )
    -3     0     1  (   0.373359E-02 ,  -0.474423E-02 )
    -2     0     1  (   0.152989E-01 ,  -0.181255E-01 )
    -1     0     1  (   0.247547E-02 ,   0.215385E-02 )
     0     1     1  (   0.198252E-02 ,   0.172624E-02 )
     1     1     1  (  -0.523689E-01 ,   0.601587E-01 )
     2     1     1  (  -0.380421E-02 ,  -0.331086E-02 )
     3     1     1  (   0.907755E-02 ,  -0.116620E-01 )
     4     1     1  (   0.200069E-02 ,  -0.216665E-02 )
     5     1     1  (  -0.189384E-03 ,   0.210118E-03 )
     6     1     1  (   0.105635E-04 ,  -0.830934E-05 )
    -5     1     1  (   0.328027E-04 ,  -0.439495E-04 )
    -4     1     1  (  -0.270862E-03 ,   0.287385E-03 )
    -3     1     1  (   0.230005E-02 ,  -0.253277E-02 )
    -2     1     1  (   0.190880E-01 ,  -0.205001E-01 )
    -1     1     1  (   0.442952E-01 ,  -0.457312E-01 )
     0     2     1  (   0.356930E-01 ,  -0.392436E-01 )
     1     2     1  (  -0.380421E-02 ,  -0.331087E-02 )
     2     2     1  (  -0.117451E-01 ,   0.688033E-02 )
     3     2     1  (  -0.795591E-03 ,  -0.692510E-03 )
     4     2     1  (   0.431515E-03 ,  -0.880207E-03 )
     5     2     1  (  -0.103112E-03 ,   0.729841E-04 )
     6     2     1  (  -0.978459E-05 ,   0.844654E-05 )
     7     2     1  (   0.117334E-04 ,  -0.183234E-04 )
    -5     2     1  (   0.480112E-04 ,  -0.510480E-04 )
    -4     2     1  (  -0.862946E-04 ,   0.996932E-04 )
    -3     2     1  (  -0.408856E-04 ,   0.100847E-03 )
    -2     2     1  (   0.689369E-02 ,  -0.732240E-02 )
    -1     2     1  (   0.282762E-01 ,  -0.300933E-01 )
     0     3     1  (   0.135076E-01 ,  -0.153323E-01 )
     1     3     1  (   0.907755E-02 ,  -0.116620E-01 )
     2     3     1  (  -0.795591E-03 ,  -0.692510E-03 )
     3     3     1  (  -0.195429E-02 ,   0.625405E-03 )
     4     3     1  (  -0.251573E-03 ,  -0.218980E-03 )
     5     3     1  (   0.103778E-04 ,   0.278324E-04 )
     6     3     1  (  -0.479112E-06 ,  -0.119019E-05 )
     7     3     1  (   0.102419E-04 ,  -0.121176E-04 )
    -4     3     1  (   0.605874E-04 ,  -0.677321E-04 )
    -3     3     1  (  -0.220077E-03 ,   0.243339E-03 )
    -2     3     1  (   0.164398E-03 ,  -0.185915E-03 )
    -1     3     1  (   0.566286E-02 ,  -0.623804E-02 )
     0     4     1  (   0.120091E-02 ,  -0.134031E-02 )
     1     4     1  (   0.200069E-02 ,  -0.216665E-02 )
     2     4     1  (   0.431515E-03 ,  -0.880207E-03 )
     3     4     1  (  -0.251573E-03 ,  -0.218980E-03 )
     4     4     1  (   0.590309E-04 ,  -0.563789E-04 )
     5     4     1  (   0.281896E-04 ,   0.245379E-04 )
     6     4     1  (   0.391175E-05 ,  -0.863327E-05 )
    -3     4     1  (   0.632139E-04 ,  -0.682885E-04 )
    -2     4     1  (  -0.198510E-03 ,   0.207065E-03 )
    -1     4     1  (  -0.206607E-03 ,   0.181687E-03 )
     0     5     1  (  -0.210166E-03 ,   0.236486E-03 )
     1     5     1  (  -0.189384E-03 ,   0.210118E-03 )
     2     5     1  (  -0.103112E-03 ,   0.729841E-04 )
     3     5     1  (   0.103778E-04 ,   0.278324E-04 )
     4     5     1  (   0.281896E-04 ,   0.245379E-04 )
     5     5     1  (   0.205651E-05 ,  -0.183250E-06 )
     6     5     1  (   0.436219E-06 ,   0.379336E-06 )
    -2     5     1  (   0.616492E-04 ,  -0.648045E-04 )
    -1     5     1  (  -0.459401E-04 ,   0.493455E-04 )
     0     6     1  (   0.495881E-04 ,  -0.497711E-04 )
     1     6     1  (   0.105635E-04 ,  -0.830934E-05 )
     2     6     1  (  -0.978459E-05 ,   0.844654E-05 )
     3     6     1  (  -0.479112E-06 ,  -0.119019E-05 )
     4     6     1  (   0.391175E-05 ,  -0.863327E-05 )
     5     6     1  (   0.436219E-06 ,   0.379335E-06 )
    -1     6     1  (   0.344558E-04 ,  -0.384013E-04 )
     2     7     1  (   0.117334E-04 ,  -0.183234E-04 )
     3     7     1  (   0.102419E-04 ,  -0.121176E-04 )
     0    -6     1  (   0.212162E-04 ,  -0.225899E-04 )
    -3    -6     1  (   0.151546E-05 ,  -0.124652E-04 )
    -2    -6     1  (   0.151059E-04 ,  -0.242718E-04 )
    -1    -6     1  (   0.264565E-04 ,  -0.295343E-04 )
     0    -5     1  (  -0.299739E-04 ,   0.431765E-04 )
     1    -5     1  (   0.328027E-04 ,  -0.439495E-04 )
     2    -5     1  (   0.480112E-04 ,  -0.510480E-04 )
    -5    -5     1  (  -0.677693E-05 ,   0.976701E-06 )
    -4    -5     1  (  -0.579356E-05 ,  -0.504351E-05 )
    -3    -5     1  (  -0.400669E-05 ,   0.691379E-05 )
    -2    -5     1  (  -0.265053E-04 ,   0.271832E-04 )
    -1    -5     1  (  -0.390486E-04 ,   0.615365E-04 )
     0    -4     1  (  -0.113640E-03 ,   0.142848E-03 )
     1    -4     1  (  -0.270862E-03 ,   0.287385E-03 )
     2    -4     1  (  -0.862946E-04 ,   0.996932E-04 )
     3    -4     1  (   0.605874E-04 ,  -0.677321E-04 )
    -5    -4     1  (  -0.579356E-05 ,  -0.504351E-05 )
    -4    -4     1  (   0.605959E-05 ,   0.138808E-04 )
    -3    -4     1  (  -0.106357E-04 ,  -0.925316E-05 )
    -2    -4     1  (   0.411352E-04 ,  -0.408666E-04 )
    -1    -4     1  (   0.926150E-04 ,   0.291629E-05 )
     0    -3     1  (   0.373359E-02 ,  -0.474423E-02 )
     1    -3     1  (   0.230005E-02 ,  -0.253277E-02 )
     2    -3     1  (  -0.408856E-04 ,   0.100847E-03 )
     3    -3     1  (  -0.220077E-03 ,   0.243339E-03 )
     4    -3     1  (   0.632139E-04 ,  -0.682885E-04 )
    -6    -3     1  (   0.151546E-05 ,  -0.124652E-04 )
    -5    -3     1  (  -0.400669E-05 ,   0.691379E-05 )
    -4    -3     1  (  -0.106357E-04 ,  -0.925316E-05 )
    -3    -3     1  (  -0.300809E-04 ,  -0.989686E-04 )
    -2    -3     1  (  -0.153723E-03 ,  -0.133876E-03 )
    -1    -3     1  (   0.127641E-02 ,  -0.223989E-02 )
     0    -2     1  (   0.152989E-01 ,  -0.181255E-01 )
     1    -2     1  (   0.190880E-01 ,  -0.205001E-01 )
     2    -2     1  (   0.689369E-02 ,  -0.732240E-02 )
     3    -2     1  (   0.164398E-03 ,  -0.185915E-03 )
     4    -2     1  (  -0.198510E-03 ,   0.207065E-03 )
     5    -2     1  (   0.616492E-04 ,  -0.648045E-04 )
    -6    -2     1  (   0.151059E-04 ,  -0.242718E-04 )
    -5    -2     1  (  -0.265053E-04 ,   0.271832E-04 )
    -4    -2     1  (   0.411352E-04 ,  -0.408666E-04 )
    -3    -2     1  (  -0.153723E-03 ,  -0.133876E-03 )
    -2    -2     1  (  -0.359580E-02 ,   0.145163E-02 )
    -1    -2     1  (  -0.257614E-02 ,  -0.224285E-02 )
     0    -1     1  (   0.247547E-02 ,   0.215385E-02 )
     1    -1     1  (   0.442952E-01 ,  -0.457312E-01 )
     2    -1     1  (   0.282762E-01 ,  -0.300933E-01 )
     3    -1     1  (   0.566286E-02 ,  -0.623804E-02 )
     4    -1     1  (  -0.206607E-03 ,   0.181687E-03 )
     5    -1     1  (  -0.459401E-04 ,   0.493455E-04 )
     6    -1     1  (   0.344558E-04 ,  -0.384013E-04 )
    -6    -1     1  (   0.264565E-04 ,  -0.295343E-04 )
    -5    -1     1  (  -0.390486E-04 ,   0.615365E-04 )
    -4    -1     1  (   0.926150E-04 ,   0.291629E-05 )
    -3    -1     1  (   0.127641E-02 ,  -0.223989E-02 )
    -2    -1     1  (  -0.257614E-02 ,  -0.224285E-02 )
    -1    -1     1  (  -0.187374E-01 ,   0.138818E-01 )
     0     0     2  (  -0.536183E-01 ,   0.599329E-01 )
     1     0     2  (  -0.391861E-01 ,   0.501784E-01 )
     2     0     2  (   0.153893E-02 ,   0.133978E-02 )
     3     0     2  (   0.649634E-02 ,  -0.643921E-02 )
     4     0     2  (   0.879599E-03 ,  -0.882742E-03 )
     5     0     2  (  -0.212404E-03 ,   0.217795E-03 )
     6     0     2  (   0.389791E-04 ,  -0.389913E-04 )
    -5     0     2  (   0.252462E-04 ,  -0.344214E-04 )
    -4     0     2  (  -0.903425E-04 ,   0.895135E-04 )
    -3     0     2  (   0.214842E-03 ,  -0.279537E-03 )
    -2     0     2  (   0.301574E-04 ,   0.261210E-04 )
    -1     0     2  (  -0.158422E-01 ,   0.176518E-01 )
     0     1     2  (  -0.391861E-01 ,   0.501784E-01 )
     1     1     2  (  -0.827625E-01 ,   0.101446     )
     2     1     2  (  -0.339472E-01 ,   0.407643E-01 )
     3     1     2  (   0.509023E-03 ,   0.443313E-03 )
     4     1     2  (   0.150670E-02 ,  -0.166939E-02 )
     5     1     2  (  -0.128242E-03 ,   0.100748E-03 )
     6     1     2  (  -0.205622E-04 ,   0.207203E-04 )
     7     1     2  (   0.196251E-04 ,  -0.246054E-04 )
    -5     1     2  (   0.343464E-04 ,  -0.360187E-04 )
    -4     1     2  (  -0.570418E-04 ,   0.717703E-04 )
    -3     1     2  (   0.459460E-04 ,   0.203518E-04 )
    -2     1     2  (   0.262371E-02 ,  -0.284230E-02 )
    -1     1     2  (   0.521646E-03 ,   0.453927E-03 )
     0     2     2  (   0.153893E-02 ,   0.133978E-02 )
     1     2     2  (  -0.339472E-01 ,   0.407643E-01 )
     2     2     2  (  -0.361567E-01 ,   0.426423E-01 )
     3     2     2  (  -0.102989E-01 ,   0.105992E-01 )
     4     2     2  (  -0.319362E-03 ,  -0.277937E-03 )
     5     2     2  (   0.444911E-04 ,  -0.394565E-04 )
     6     2     2  (  -0.365571E-04 ,   0.480506E-04 )
     7     2     2  (   0.248245E-04 ,  -0.269445E-04 )
    -4     2     2  (   0.236526E-04 ,  -0.262456E-04 )
    -3     2     2  (  -0.240053E-03 ,   0.271822E-03 )
    -2     2     2  (   0.133284E-02 ,  -0.146379E-02 )
    -1     2     2  (   0.750805E-02 ,  -0.752072E-02 )
     0     3     2  (   0.649634E-02 ,  -0.643921E-02 )
     1     3     2  (   0.509023E-03 ,   0.443313E-03 )
     2     3     2  (  -0.102989E-01 ,   0.105992E-01 )
     3     3     2  (  -0.674267E-02 ,   0.553521E-02 )
     4     3     2  (  -0.812299E-03 ,   0.548778E-03 )
     5     3     2  (   0.568189E-04 ,   0.494559E-04 )
     6     3     2  (  -0.149801E-04 ,   0.281233E-04 )
     7     3     2  (   0.138326E-04 ,  -0.143174E-04 )
    -4     3     2  (   0.432264E-04 ,  -0.507782E-04 )
    -3     3     2  (  -0.625235E-04 ,   0.653701E-04 )
    -2     3     2  (  -0.202091E-03 ,   0.208102E-03 )
    -1     3     2  (   0.230772E-02 ,  -0.241928E-02 )
     0     4     2  (   0.879599E-03 ,  -0.882742E-03 )
     1     4     2  (   0.150670E-02 ,  -0.166939E-02 )
     2     4     2  (  -0.319362E-03 ,  -0.277937E-03 )
     3     4     2  (  -0.812299E-03 ,   0.548778E-03 )
     4     4     2  (  -0.113841E-03 ,   0.223539E-03 )
     5     4     2  (   0.289971E-04 ,   0.644133E-05 )
     6     4     2  (   0.249267E-05 ,   0.216967E-05 )
     7     4     2  (  -0.614403E-06 ,  -0.541892E-05 )
    -3     4     2  (   0.589345E-04 ,  -0.598496E-04 )
    -2     4     2  (  -0.100913E-03 ,   0.110450E-03 )
    -1     4     2  (  -0.223124E-03 ,   0.240780E-03 )
     0     5     2  (  -0.212404E-03 ,   0.217795E-03 )
     1     5     2  (  -0.128242E-03 ,   0.100748E-03 )
     2     5     2  (   0.444911E-04 ,  -0.394565E-04 )
     3     5     2  (   0.568189E-04 ,   0.494559E-04 )
     4     5     2  (   0.289971E-04 ,   0.644134E-05 )
     5     5     2  (   0.235897E-04 ,  -0.180833E-04 )
     6     5     2  (  -0.801121E-05 ,   0.506476E-05 )
     7     5     2  (  -0.427157E-05 ,  -0.371807E-05 )
    -2     5     2  (   0.545485E-04 ,  -0.618033E-04 )
    -1     5     2  (  -0.370383E-04 ,   0.362653E-04 )
     0     6     2  (   0.389791E-04 ,  -0.389913E-04 )
     1     6     2  (  -0.205622E-04 ,   0.207203E-04 )
     2     6     2  (  -0.365571E-04 ,   0.480506E-04 )
     3     6     2  (  -0.149801E-04 ,   0.281233E-04 )
     4     6     2  (   0.249267E-05 ,   0.216967E-05 )
     5     6     2  (  -0.801121E-05 ,   0.506476E-05 )
     6     6     2  (  -0.105959E-04 ,  -0.928895E-06 )
    -1     6     2  (   0.375342E-04 ,  -0.367028E-04 )
     1     7     2  (   0.196251E-04 ,  -0.246054E-04 )
     2     7     2  (   0.248245E-04 ,  -0.269445E-04 )
     3     7     2  (   0.138326E-04 ,  -0.143174E-04 )
     4     7     2  (  -0.614403E-06 ,  -0.541892E-05 )
     5     7     2  (  -0.427157E-05 ,  -0.371807E-05 )
     0    -5     2  (   0.252462E-04 ,  -0.344214E-04 )
     1    -5     2  (   0.343464E-04 ,  -0.360187E-04 )
    -3    -5     2  (  -0.674480E-06 ,  -0.587842E-06 )
    -2    -5     2  (   0.284598E-05 ,  -0.760318E-05 )
    -1    -5     2  (   0.109471E-04 ,  -0.178079E-04 )
     0    -4     2  (  -0.903425E-04 ,   0.895135E-04 )
     1    -4     2  (  -0.570418E-04 ,   0.717703E-04 )
     2    -4     2  (   0.236526E-04 ,  -0.262456E-04 )
     3    -4     2  (   0.432264E-04 ,  -0.507782E-04 )
    -4    -4     2  (  -0.773074E-05 ,   0.468779E-05 )
    -3    -4     2  (   0.629475E-05 ,  -0.492134E-05 )
    -2    -4     2  (   0.205545E-04 ,   0.178936E-04 )
    -1    -4     2  (  -0.467194E-04 ,   0.681363E-04 )
     0    -3     2  (   0.214842E-03 ,  -0.279537E-03 )
     1    -3     2  (   0.459460E-04 ,   0.203518E-04 )
     2    -3     2  (  -0.240053E-03 ,   0.271822E-03 )
     3    -3     2  (  -0.625235E-04 ,   0.653701E-04 )
     4    -3     2  (   0.589345E-04 ,  -0.598496E-04 )
    -5    -3     2  (  -0.674480E-06 ,  -0.587842E-06 )
    -4    -3     2  (   0.629475E-05 ,  -0.492134E-05 )
    -3    -3     2  (   0.819101E-04 ,  -0.984072E-05 )
    -2    -3     2  (  -0.348050E-04 ,   0.463790E-04 )
    -1    -3     2  (  -0.111076E-03 ,  -0.966910E-04 )
     0    -2     2  (   0.301574E-04 ,   0.261209E-04 )
     1    -2     2  (   0.262371E-02 ,  -0.284230E-02 )
     2    -2     2  (   0.133284E-02 ,  -0.146379E-02 )
     3    -2     2  (  -0.202091E-03 ,   0.208102E-03 )
     4    -2     2  (  -0.100913E-03 ,   0.110450E-03 )
     5    -2     2  (   0.545485E-04 ,  -0.618033E-04 )
    -5    -2     2  (   0.284598E-05 ,  -0.760318E-05 )
    -4    -2     2  (   0.205545E-04 ,   0.178936E-04 )
    -3    -2     2  (  -0.348050E-04 ,   0.463790E-04 )
    -2    -2     2  (  -0.956334E-03 ,   0.505181E-03 )
    -1    -2     2  (  -0.204235E-02 ,   0.157296E-02 )
     0    -1     2  (  -0.158422E-01 ,   0.176518E-01 )
     1    -1     2  (   0.521647E-03 ,   0.453926E-03 )
     2    -1     2  (   0.750805E-02 ,  -0.752072E-02 )
     3    -1     2  (   0.230772E-02 ,  -0.241928E-02 )
     4    -1     2  (  -0.223124E-03 ,   0.240780E-03 )
     5    -1     2  (  -0.370383E-04 ,   0.362653E-04 )
     6    -1     2  (   0.375342E-04 ,  -0.367028E-04 )
    -5    -1     2  (   0.109471E-04 ,  -0.178079E-04 )
    -4    -1     2  (  -0.467194E-04 ,   0.681363E-04 )
    -3    -1     2  (  -0.111076E-03 ,  -0.966910E-04 )
    -2    -1     2  (  -0.204235E-02 ,   0.157296E-02 )
    -1    -1     2  (  -0.110363E-01 ,   0.118925E-01 )
     0     0     3  (  -0.144860E-01 ,   0.167187E-01 )
     1     0     3  (  -0.176719E-01 ,   0.217325E-01 )
     2     0     3  (  -0.641355E-02 ,   0.847347E-02 )
     3     0     3  (   0.228829E-03 ,   0.199210E-03 )
     4     0     3  (   0.668302E-04 ,  -0.621731E-04 )
     5     0     3  (  -0.114453E-03 ,   0.115899E-03 )
     6     0     3  (   0.333987E-04 ,  -0.381443E-04 )
    -4     0     3  (   0.725321E-05 ,  -0.650040E-05 )
    -3     0     3  (   0.208406E-04 ,   0.181431E-04 )
    -2     0     3  (  -0.247232E-03 ,   0.251329E-03 )
    -1     0     3  (  -0.418398E-02 ,   0.435208E-02 )
     0     1     3  (  -0.176719E-01 ,   0.217325E-01 )
     1     1     3  (  -0.376323E-01 ,   0.451201E-01 )
     2     1     3  (  -0.259067E-01 ,   0.321561E-01 )
     3     1     3  (  -0.548197E-02 ,   0.732238E-02 )
     4     1     3  (   0.431855E-04 ,   0.376138E-04 )
     5     1     3  (  -0.686342E-04 ,   0.761307E-04 )
     6     1     3  (  -0.135235E-04 ,   0.104187E-04 )
     7     1     3  (   0.210171E-04 ,  -0.209878E-04 )
    -4     1     3  (   0.180374E-04 ,  -0.226178E-04 )
    -3     1     3  (  -0.605627E-04 ,   0.680110E-04 )
    -2     1     3  (  -0.516455E-04 ,  -0.449560E-04 )
    -1     1     3  (  -0.245329E-02 ,   0.299055E-02 )
     0     2     3  (  -0.641355E-02 ,   0.847347E-02 )
     1     2     3  (  -0.259067E-01 ,   0.321561E-01 )
     2     2     3  (  -0.315828E-01 ,   0.388147E-01 )
     3     2     3  (  -0.133233E-01 ,   0.154931E-01 )
     4     2     3  (  -0.144571E-02 ,   0.172256E-02 )
     5     2     3  (   0.357141E-04 ,   0.310859E-04 )
     6     2     3  (  -0.302529E-04 ,   0.336316E-04 )
     7     2     3  (   0.197799E-04 ,  -0.196073E-04 )
    -4     2     3  (   0.282220E-04 ,  -0.331964E-04 )
    -3     2     3  (  -0.395557E-04 ,   0.389626E-04 )
    -2     2     3  (  -0.479982E-04 ,   0.362232E-04 )
    -1     2     3  (   0.124442E-03 ,   0.108313E-03 )
     0     3     3  (   0.228829E-03 ,   0.199210E-03 )
     1     3     3  (  -0.548197E-02 ,   0.732238E-02 )
     2     3     3  (  -0.133233E-01 ,   0.154931E-01 )
     3     3     3  (  -0.898758E-02 ,   0.101604E-01 )
     4     3     3  (  -0.187008E-02 ,   0.228038E-02 )
     5     3     3  (  -0.329444E-04 ,   0.495071E-04 )
     6     3     3  (  -0.621096E-06 ,  -0.541786E-06 )
     7     3     3  (   0.434891E-05 ,  -0.973830E-05 )
    -3     3     3  (   0.327483E-04 ,  -0.316729E-04 )
    -2     3     3  (  -0.131410E-03 ,   0.145558E-03 )
    -1     3     3  (   0.117784E-03 ,  -0.107953E-03 )
     0     4     3  (   0.668302E-04 ,  -0.621731E-04 )
     1     4     3  (   0.431855E-04 ,   0.376138E-04 )
     2     4     3  (  -0.144571E-02 ,   0.172256E-02 )
     3     4     3  (  -0.187008E-02 ,   0.228038E-02 )
     4     4     3  (  -0.647236E-03 ,   0.660108E-03 )
     5     4     3  (   0.580686E-04 ,  -0.112192E-03 )
     6     4     3  (   0.257893E-04 ,  -0.187156E-04 )
     7     4     3  (  -0.555635E-05 ,  -0.483611E-05 )
    -3     4     3  (   0.242171E-04 ,  -0.280917E-04 )
    -2     4     3  (   0.780819E-05 ,  -0.939852E-05 )
    -1     4     3  (  -0.168990E-03 ,   0.166991E-03 )
     0     5     3  (  -0.114453E-03 ,   0.115899E-03 )
     1     5     3  (  -0.686342E-04 ,   0.761307E-04 )
     2     5     3  (   0.357141E-04 ,   0.310859E-04 )
     3     5     3  (  -0.329444E-04 ,   0.495071E-04 )
     4     5     3  (   0.580686E-04 ,  -0.112192E-03 )
     5     5     3  (   0.935631E-04 ,  -0.832790E-04 )
     6     5     3  (  -0.124490E-05 ,  -0.310366E-06 )
     7     5     3  (  -0.545194E-05 ,   0.138754E-06 )
    -2     5     3  (   0.357784E-04 ,  -0.365195E-04 )
    -1     5     3  (   0.156524E-04 ,  -0.154093E-04 )
     0     6     3  (   0.333987E-04 ,  -0.381443E-04 )
     1     6     3  (  -0.135235E-04 ,   0.104187E-04 )
     2     6     3  (  -0.302529E-04 ,   0.336316E-04 )
     3     6     3  (  -0.621097E-06 ,  -0.541784E-06 )
     4     6     3  (   0.257893E-04 ,  -0.187156E-04 )
     5     6     3  (  -0.124490E-05 ,  -0.310366E-06 )
     6     6     3  (  -0.129209E-04 ,   0.638571E-05 )
    -1     6     3  (   0.195494E-04 ,  -0.212690E-04 )
     1     7     3  (   0.210171E-04 ,  -0.209878E-04 )
     2     7     3  (   0.197799E-04 ,  -0.196073E-04 )
     3     7     3  (   0.434891E-05 ,  -0.973830E-05 )
     4     7     3  (  -0.555635E-05 ,  -0.483611E-05 )
     5     7     3  (  -0.545194E-05 ,   0.138753E-06 )
     0    -4     3  (   0.725321E-05 ,  -0.650041E-05 )
     1    -4     3  (   0.180374E-04 ,  -0.226178E-04 )
     2    -4     3  (   0.282220E-04 ,  -0.331964E-04 )
    -3    -4     3  (  -0.121365E-04 ,   0.321924E-05 )
    -2    -4     3  (  -0.713727E-05 ,   0.386635E-05 )
    -1    -4     3  (  -0.456701E-06 ,  -0.398060E-06 )
     0    -3     3  (   0.208406E-04 ,   0.181431E-04 )
     1    -3     3  (  -0.605628E-04 ,   0.680110E-04 )
     2    -3     3  (  -0.395557E-04 ,   0.389626E-04 )
     3    -3     3  (   0.327483E-04 ,  -0.316729E-04 )
     4    -3     3  (   0.242171E-04 ,  -0.280917E-04 )
    -4    -3     3  (  -0.121365E-04 ,   0.321924E-05 )
    -3    -3     3  (  -0.806779E-05 ,   0.808943E-05 )
    -2    -3     3  (   0.232667E-04 ,  -0.299988E-04 )
    -1    -3     3  (   0.610393E-04 ,  -0.556653E-04 )
     0    -2     3  (  -0.247232E-03 ,   0.251329E-03 )
     1    -2     3  (  -0.516455E-04 ,  -0.449561E-04 )
     2    -2     3  (  -0.479982E-04 ,   0.362232E-04 )
     3    -2     3  (  -0.131410E-03 ,   0.145558E-03 )
     4    -2     3  (   0.780819E-05 ,  -0.939852E-05 )
     5    -2     3  (   0.357784E-04 ,  -0.365195E-04 )
    -4    -2     3  (  -0.713727E-05 ,   0.386635E-05 )
    -3    -2     3  (   0.232667E-04 ,  -0.299988E-04 )
    -2    -2     3  (   0.139220E-03 ,  -0.134156E-03 )
    -1    -2     3  (   0.156611E-04 ,   0.913263E-04 )
     0    -1     3  (  -0.418398E-02 ,   0.435208E-02 )
     1    -1     3  (  -0.245329E-02 ,   0.299055E-02 )
     2    -1     3  (   0.124442E-03 ,   0.108313E-03 )
     3    -1     3  (   0.117784E-03 ,  -0.107953E-03 )
     4    -1     3  (  -0.168990E-03 ,   0.166991E-03 )
     5    -1     3  (   0.156524E-04 ,  -0.154093E-04 )
     6    -1     3  (   0.195494E-04 ,  -0.212690E-04 )
    -4    -1     3  (  -0.456701E-06 ,  -0.398060E-06 )
    -3    -1     3  (   0.610393E-04 ,  -0.556653E-04 )
    -2    -1     3  (   0.156611E-04 ,   0.913263E-04 )
    -1    -1     3  (  -0.176766E-02 ,   0.190936E-02 )
     0     0     4  (  -0.887745E-03 ,   0.119522E-02 )
     1     0     4  (  -0.219139E-02 ,   0.262733E-02 )
     2     0     4  (  -0.126600E-02 ,   0.152196E-02 )
     3     0     4  (  -0.906806E-04 ,   0.131546E-03 )
     4     0     4  (  -0.979952E-05 ,  -0.853166E-05 )
     5     0     4  (  -0.170588E-04 ,   0.149741E-04 )
     6     0     4  (   0.250848E-04 ,  -0.262912E-04 )
    -4     0     4  (  -0.199526E-05 ,  -0.173692E-05 )
    -3     0     4  (  -0.543766E-05 ,   0.807983E-05 )
    -2     0     4  (   0.761976E-04 ,  -0.101821E-03 )
    -1     0     4  (   0.125810E-03 ,  -0.132252E-03 )
     0     1     4  (  -0.219139E-02 ,   0.262733E-02 )
     1     1     4  (  -0.649149E-02 ,   0.769812E-02 )
     2     1     4  (  -0.630182E-02 ,   0.783761E-02 )
     3     1     4  (  -0.207795E-02 ,   0.261931E-02 )
     4     1     4  (  -0.523646E-04 ,   0.747673E-04 )
     5     1     4  (  -0.613183E-05 ,  -0.533967E-05 )
     6     1     4  (   0.780124E-05 ,  -0.802487E-05 )
     7     1     4  (   0.848493E-05 ,  -0.873639E-05 )
    -3     1     4  (   0.163941E-05 ,   0.142656E-05 )
    -2     1     4  (   0.590077E-04 ,  -0.693608E-04 )
    -1     1     4  (   0.264933E-04 ,   0.427000E-04 )
     0     2     4  (  -0.126600E-02 ,   0.152196E-02 )
     1     2     4  (  -0.630182E-02 ,   0.783761E-02 )
     2     2     4  (  -0.987271E-02 ,   0.120111E-01 )
     3     2     4  (  -0.539758E-02 ,   0.646903E-02 )
     4     2     4  (  -0.753025E-03 ,   0.992939E-03 )
     5     2     4  (   0.659413E-04 ,  -0.784801E-04 )
     6     2     4  (  -0.840634E-06 ,  -0.732475E-06 )
     7     2     4  (   0.796170E-05 ,  -0.104107E-04 )
    -3     2     4  (   0.118133E-04 ,  -0.979094E-05 )
    -2     2     4  (   0.192059E-05 ,   0.167230E-05 )
    -1     2     4  (   0.292580E-04 ,  -0.525341E-04 )
     0     3     4  (  -0.906806E-04 ,   0.131546E-03 )
     1     3     4  (  -0.207795E-02 ,   0.261931E-02 )
     2     3     4  (  -0.539758E-02 ,   0.646903E-02 )
     3     3     4  (  -0.445073E-02 ,   0.544638E-02 )
     4     3     4  (  -0.116191E-02 ,   0.137428E-02 )
     5     3     4  (   0.821026E-04 ,  -0.140912E-03 )
     6     3     4  (   0.291397E-04 ,  -0.346031E-04 )
     7     3     4  (  -0.334325E-05 ,  -0.290956E-05 )
    -3     3     4  (   0.127239E-04 ,  -0.158817E-04 )
    -2     3     4  (   0.676457E-06 ,  -0.559187E-06 )
    -1     3     4  (  -0.176654E-04 ,  -0.153765E-04 )
     0     4     4  (  -0.979952E-05 ,  -0.853166E-05 )
     1     4     4  (  -0.523646E-04 ,   0.747673E-04 )
     2     4     4  (  -0.753025E-03 ,   0.992939E-03 )
     3     4     4  (  -0.116191E-02 ,   0.137428E-02 )
     4     4     4  (  -0.337765E-03 ,   0.261084E-03 )
     5     4     4  (   0.181996E-03 ,  -0.216552E-03 )
     6     4     4  (   0.425511E-04 ,  -0.428348E-04 )
     7     4     4  (  -0.904593E-05 ,   0.565062E-05 )
    -2     4     4  (   0.289957E-04 ,  -0.262029E-04 )
    -1     4     4  (  -0.193288E-04 ,   0.171768E-04 )
     0     5     4  (  -0.170588E-04 ,   0.149741E-04 )
     1     5     4  (  -0.613183E-05 ,  -0.533967E-05 )
     2     5     4  (   0.659413E-04 ,  -0.784801E-04 )
     3     5     4  (   0.821026E-04 ,  -0.140912E-03 )
     4     5     4  (   0.181996E-03 ,  -0.216552E-03 )
     5     5     4  (   0.135890E-03 ,  -0.133172E-03 )
     6     5     4  (   0.701661E-05 ,  -0.108560E-04 )
     7     5     4  (  -0.122733E-04 ,   0.156750E-04 )
    -1     5     4  (   0.271655E-04 ,  -0.275609E-04 )
     0     6     4  (   0.250848E-04 ,  -0.262912E-04 )
     1     6     4  (   0.780124E-05 ,  -0.802487E-05 )
     2     6     4  (  -0.840634E-06 ,  -0.732475E-06 )
     3     6     4  (   0.291397E-04 ,  -0.346031E-04 )
     4     6     4  (   0.425511E-04 ,  -0.428348E-04 )
     5     6     4  (   0.701661E-05 ,  -0.108560E-04 )
     6     6     4  (  -0.180358E-04 ,   0.223379E-04 )
     7     6     4  (  -0.105895E-04 ,   0.118151E-04 )
     1     7     4  (   0.848493E-05 ,  -0.873639E-05 )
     2     7     4  (   0.796170E-05 ,  -0.104107E-04 )
     3     7     4  (  -0.334325E-05 ,  -0.290956E-05 )
     4     7     4  (  -0.904593E-05 ,   0.565062E-05 )
     5     7     4  (  -0.122733E-04 ,   0.156750E-04 )
     6     7     4  (  -0.105895E-04 ,   0.118151E-04 )
     0    -4     4  (  -0.199526E-05 ,  -0.173692E-05 )
     0    -3     4  (  -0.543766E-05 ,   0.807983E-05 )
     1    -3     4  (   0.163941E-05 ,   0.142656E-05 )
     2    -3     4  (   0.118133E-04 ,  -0.979094E-05 )
     3    -3     4  (   0.127239E-04 ,  -0.158817E-04 )
    -2    -3     4  (  -0.219561E-04 ,   0.183079E-04 )
    -1    -3     4  (  -0.161275E-04 ,   0.132975E-04 )
     0    -2     4  (   0.761976E-04 ,  -0.101821E-03 )
     1    -2     4  (   0.590077E-04 ,  -0.693608E-04 )
     2    -2     4  (   0.192059E-05 ,   0.167230E-05 )
     3    -2     4  (   0.676457E-06 ,  -0.559187E-06 )
     4    -2     4  (   0.289957E-04 ,  -0.262029E-04 )
    -3    -2     4  (  -0.219561E-04 ,   0.183079E-04 )
    -2    -2     4  (  -0.459433E-05 ,   0.639579E-05 )
    -1    -2     4  (   0.555623E-04 ,  -0.471599E-04 )
     0    -1     4  (   0.125810E-03 ,  -0.132252E-03 )
     1    -1     4  (   0.264933E-04 ,   0.427000E-04 )
     2    -1     4  (   0.292580E-04 ,  -0.525341E-04 )
     3    -1     4  (  -0.176654E-04 ,  -0.153765E-04 )
     4    -1     4  (  -0.193288E-04 ,   0.171768E-04 )
     5    -1     4  (   0.271655E-04 ,  -0.275609E-04 )
    -3    -1     4  (  -0.161275E-04 ,   0.132975E-04 )
    -2    -1     4  (   0.555623E-04 ,  -0.471599E-04 )
    -1    -1     4  (   0.163002E-03 ,  -0.208638E-03 )
     0     0     5  (   0.185931E-03 ,  -0.198804E-03 )
     1     0     5  (   0.247286E-03 ,  -0.307902E-03 )
     2     0     5  (   0.236121E-03 ,  -0.275243E-03 )
     3     0     5  (   0.126047E-03 ,  -0.150227E-03 )
     4     0     5  (   0.143476E-04 ,  -0.215130E-04 )
     5     0     5  (   0.236734E-05 ,   0.206091E-05 )
     6     0     5  (   0.453350E-05 ,  -0.334021E-05 )
    -2     0     5  (  -0.306105E-04 ,   0.297511E-04 )
    -1     0     5  (   0.386302E-04 ,  -0.356411E-04 )
     0     1     5  (   0.247286E-03 ,  -0.307902E-03 )
     1     1     5  (   0.234231E-03 ,  -0.246242E-03 )
     2     1     5  (   0.942459E-04 ,  -0.544022E-04 )
     3     1     5  (   0.178247E-03 ,  -0.228858E-03 )
     4     1     5  (   0.142094E-03 ,  -0.190405E-03 )
     5     1     5  (   0.124790E-04 ,  -0.189613E-04 )
     6     1     5  (   0.199313E-05 ,   0.173538E-05 )
    -2     1     5  (  -0.199140E-04 ,   0.209836E-04 )
    -1     1     5  (   0.632179E-04 ,  -0.663932E-04 )
     0     2     5  (   0.236121E-03 ,  -0.275243E-03 )
     1     2     5  (   0.942459E-04 ,  -0.544022E-04 )
     2     2     5  (  -0.410400E-03 ,   0.478328E-03 )
     3     2     5  (  -0.161469E-03 ,   0.188467E-03 )
     4     2     5  (   0.207713E-03 ,  -0.254199E-03 )
     5     2     5  (   0.990106E-04 ,  -0.129344E-03 )
     6     2     5  (  -0.687267E-05 ,   0.883362E-05 )
     7     2     5  (  -0.575501E-06 ,  -0.500582E-06 )
    -2     2     5  (  -0.806804E-05 ,   0.130502E-04 )
    -1     2     5  (   0.331353E-04 ,  -0.445503E-04 )
     0     3     5  (   0.126047E-03 ,  -0.150227E-03 )
     1     3     5  (   0.178247E-03 ,  -0.228858E-03 )
     2     3     5  (  -0.161469E-03 ,   0.188467E-03 )
     3     3     5  (  -0.227472E-03 ,   0.292401E-03 )
     4     3     5  (   0.151462E-03 ,  -0.229690E-03 )
     5     3     5  (   0.186426E-03 ,  -0.240411E-03 )
     6     3     5  (   0.845453E-05 ,  -0.148313E-04 )
     7     3     5  (  -0.921388E-05 ,   0.932181E-05 )
    -2     3     5  (   0.356692E-05 ,   0.310457E-05 )
    -1     3     5  (  -0.460539E-06 ,   0.747141E-06 )
     0     4     5  (   0.143476E-04 ,  -0.215130E-04 )
     1     4     5  (   0.142094E-03 ,  -0.190405E-03 )
     2     4     5  (   0.207713E-03 ,  -0.254199E-03 )
     3     4     5  (   0.151462E-03 ,  -0.229690E-03 )
     4     4     5  (   0.264996E-03 ,  -0.354783E-03 )
     5     4     5  (   0.205247E-03 ,  -0.240772E-03 )
     6     4     5  (   0.176870E-04 ,  -0.232235E-04 )
     7     4     5  (  -0.166929E-04 ,   0.222953E-04 )
    -1     4     5  (   0.113451E-05 ,   0.987640E-06 )
     0     5     5  (   0.236734E-05 ,   0.206091E-05 )
     1     5     5  (   0.124790E-04 ,  -0.189613E-04 )
     2     5     5  (   0.990106E-04 ,  -0.129344E-03 )
     3     5     5  (   0.186426E-03 ,  -0.240411E-03 )
     4     5     5  (   0.205247E-03 ,  -0.240772E-03 )
     5     5     5  (   0.102351E-03 ,  -0.121572E-03 )
     6     5     5  (  -0.677338E-05 ,   0.116085E-04 )
     7     5     5  (  -0.232642E-04 ,   0.283033E-04 )
    -1     5     5  (   0.646676E-05 ,  -0.623336E-05 )
     0     6     5  (   0.453350E-05 ,  -0.334021E-05 )
     1     6     5  (   0.199313E-05 ,   0.173538E-05 )
     2     6     5  (  -0.687267E-05 ,   0.883362E-05 )
     3     6     5  (   0.845453E-05 ,  -0.148313E-04 )
     4     6     5  (   0.176870E-04 ,  -0.232235E-04 )
     5     6     5  (  -0.677338E-05 ,   0.116085E-04 )
     6     6     5  (  -0.326576E-04 ,   0.404901E-04 )
     7     6     5  (  -0.165305E-04 ,   0.141482E-04 )
     2     7     5  (  -0.575501E-06 ,  -0.500582E-06 )
     3     7     5  (  -0.921388E-05 ,   0.932181E-05 )
     4     7     5  (  -0.166929E-04 ,   0.222953E-04 )
     5     7     5  (  -0.232642E-04 ,   0.283033E-04 )
     6     7     5  (  -0.165305E-04 ,   0.141482E-04 )
     0    -2     5  (  -0.306105E-04 ,   0.297511E-04 )
     1    -2     5  (  -0.199140E-04 ,   0.209836E-04 )
     2    -2     5  (  -0.806804E-05 ,   0.130502E-04 )
     3    -2     5  (   0.356692E-05 ,   0.310457E-05 )
    -1    -2     5  (  -0.256032E-04 ,   0.302759E-04 )
     0    -1     5  (   0.386302E-04 ,  -0.356411E-04 )
     1    -1     5  (   0.632179E-04 ,  -0.663932E-04 )
     2    -1     5  (   0.331353E-04 ,  -0.445503E-04 )
     3    -1     5  (  -0.460539E-06 ,   0.747140E-06 )
     4    -1     5  (   0.113451E-05 ,   0.987639E-06 )
     5    -1     5  (   0.646676E-05 ,  -0.623336E-05 )
    -2    -1     5  (  -0.256032E-04 ,   0.302759E-04 )
    -1    -1     5  (  -0.266536E-04 ,   0.227193E-04 )
     0     0     6  (  -0.474528E-04 ,   0.552189E-04 )
     1     0     6  (  -0.390059E-04 ,   0.385498E-04 )
     2     0     6  (  -0.227331E-04 ,   0.270459E-04 )
     3     0     6  (  -0.268543E-04 ,   0.368031E-04 )
     4     0     6  (  -0.219542E-04 ,   0.323322E-04 )
     5     0     6  (  -0.528213E-05 ,   0.726469E-05 )
    -1     0     6  (  -0.194481E-04 ,   0.241283E-04 )
     0     1     6  (  -0.390060E-04 ,   0.385498E-04 )
     1     1     6  (   0.373905E-04 ,  -0.397842E-04 )
     2     1     6  (   0.868407E-04 ,  -0.992177E-04 )
     3     1     6  (   0.561237E-04 ,  -0.709407E-04 )
     4     1     6  (  -0.823203E-05 ,   0.902977E-05 )
     5     1     6  (  -0.235518E-04 ,   0.307071E-04 )
     6     1     6  (  -0.268331E-05 ,   0.495097E-05 )
    -1     1     6  (  -0.309379E-04 ,   0.389849E-04 )
     0     2     6  (  -0.227331E-04 ,   0.270459E-04 )
     1     2     6  (   0.868407E-04 ,  -0.992177E-04 )
     2     2     6  (   0.201625E-03 ,  -0.249761E-03 )
     3     2     6  (   0.210666E-03 ,  -0.251532E-03 )
     4     2     6  (   0.954799E-04 ,  -0.115181E-03 )
     5     2     6  (  -0.131038E-04 ,   0.176281E-04 )
     6     2     6  (  -0.225813E-04 ,   0.284713E-04 )
    -1     2     6  (  -0.289872E-04 ,   0.325299E-04 )
     0     3     6  (  -0.268543E-04 ,   0.368031E-04 )
     1     3     6  (   0.561237E-04 ,  -0.709407E-04 )
     2     3     6  (   0.210666E-03 ,  -0.251532E-03 )
     3     3     6  (   0.260457E-03 ,  -0.313130E-03 )
     4     3     6  (   0.177713E-03 ,  -0.225169E-03 )
     5     3     6  (   0.308115E-04 ,  -0.416857E-04 )
     6     3     6  (  -0.331747E-04 ,   0.383402E-04 )
     7     3     6  (  -0.748310E-05 ,   0.960888E-05 )
    -1     3     6  (  -0.139753E-04 ,   0.147923E-04 )
     0     4     6  (  -0.219542E-04 ,   0.323322E-04 )
     1     4     6  (  -0.823203E-05 ,   0.902977E-05 )
     2     4     6  (   0.954799E-04 ,  -0.115181E-03 )
     3     4     6  (   0.177713E-03 ,  -0.225169E-03 )
     4     4     6  (   0.158796E-03 ,  -0.197117E-03 )
     5     4     6  (   0.425393E-04 ,  -0.523063E-04 )
     6     4     6  (  -0.332441E-04 ,   0.439841E-04 )
     7     4     6  (  -0.178895E-04 ,   0.237109E-04 )
     0     5     6  (  -0.528213E-05 ,   0.726469E-05 )
     1     5     6  (  -0.235518E-04 ,   0.307071E-04 )
     2     5     6  (  -0.131038E-04 ,   0.176281E-04 )
     3     5     6  (   0.308115E-04 ,  -0.416857E-04 )
     4     5     6  (   0.425393E-04 ,  -0.523063E-04 )
     5     5     6  (  -0.420262E-05 ,   0.984907E-05 )
     6     5     6  (  -0.424579E-04 ,   0.559783E-04 )
     7     5     6  (  -0.216644E-04 ,   0.228309E-04 )
     1     6     6  (  -0.268331E-05 ,   0.495097E-05 )
     2     6     6  (  -0.225813E-04 ,   0.284713E-04 )
     3     6     6  (  -0.331747E-04 ,   0.383402E-04 )
     4     6     6  (  -0.332441E-04 ,   0.439841E-04 )
     5     6     6  (  -0.424579E-04 ,   0.559783E-04 )
     6     6     6  (  -0.404007E-04 ,   0.442557E-04 )
     3     7     6  (  -0.748310E-05 ,   0.960888E-05 )
     4     7     6  (  -0.178895E-04 ,   0.237109E-04 )
     5     7     6  (  -0.216644E-04 ,   0.228309E-04 )
     0    -1     6  (  -0.194481E-04 ,   0.241283E-04 )
     1    -1     6  (  -0.309379E-04 ,   0.389849E-04 )
     2    -1     6  (  -0.289872E-04 ,   0.325299E-04 )
     3    -1     6  (  -0.139753E-04 ,   0.147923E-04 )
     1     1     7  (  -0.241903E-04 ,   0.318356E-04 )
     2     1     7  (  -0.439395E-04 ,   0.545918E-04 )
     3     1     7  (  -0.443322E-04 ,   0.498157E-04 )
     4     1     7  (  -0.244839E-04 ,   0.278597E-04 )
     1     2     7  (  -0.439395E-04 ,   0.545918E-04 )
     2     2     7  (  -0.635429E-04 ,   0.701570E-04 )
     3     2     7  (  -0.587302E-04 ,   0.693489E-04 )
     4     2     7  (  -0.511510E-04 ,   0.666249E-04 )
     5     2     7  (  -0.312369E-04 ,   0.404728E-04 )
     1     3     7  (  -0.443322E-04 ,   0.498157E-04 )
     2     3     7  (  -0.587302E-04 ,   0.693489E-04 )
     3     3     7  (  -0.543599E-04 ,   0.693646E-04 )
     4     3     7  (  -0.589191E-04 ,   0.720273E-04 )
     5     3     7  (  -0.536910E-04 ,   0.625504E-04 )
     6     3     7  (  -0.183701E-04 ,   0.222959E-04 )
     1     4     7  (  -0.244839E-04 ,   0.278597E-04 )
     2     4     7  (  -0.511510E-04 ,   0.666249E-04 )
     3     4     7  (  -0.589191E-04 ,   0.720273E-04 )
     4     4     7  (  -0.586814E-04 ,   0.692809E-04 )
     5     4     7  (  -0.556844E-04 ,   0.699973E-04 )
     6     4     7  (  -0.311766E-04 ,   0.422373E-04 )
     2     5     7  (  -0.312369E-04 ,   0.404728E-04 )
     3     5     7  (  -0.536910E-04 ,   0.625504E-04 )
     4     5     7  (  -0.556844E-04 ,   0.699973E-04 )
     5     5     7  (  -0.524741E-04 ,   0.694375E-04 )
     6     5     7  (  -0.332833E-04 ,   0.394225E-04 )
     3     6     7  (  -0.183701E-04 ,   0.222959E-04 )
     4     6     7  (  -0.311766E-04 ,   0.422373E-04 )
     5     6     7  (  -0.332833E-04 ,   0.394225E-04 )
    -6    -6    -7  (  -0.241906E-04 ,   0.318360E-04 )
    -5    -6    -7  (  -0.439399E-04 ,   0.545923E-04 )
    -4    -6    -7  (  -0.443325E-04 ,   0.498160E-04 )
    -3    -6    -7  (  -0.244840E-04 ,   0.278597E-04 )
    -6    -5    -7  (  -0.439399E-04 ,   0.545923E-04 )
    -5    -5    -7  (  -0.635434E-04 ,   0.701574E-04 )
    -4    -5    -7  (  -0.587305E-04 ,   0.693491E-04 )
    -3    -5    -7  (  -0.511510E-04 ,   0.666250E-04 )
    -2    -5    -7  (  -0.312369E-04 ,   0.404728E-04 )
    -6    -4    -7  (  -0.443325E-04 ,   0.498160E-04 )
    -5    -4    -7  (  -0.587305E-04 ,   0.693491E-04 )
    -4    -4    -7  (  -0.543599E-04 ,   0.693647E-04 )
    -3    -4    -7  (  -0.589191E-04 ,   0.720272E-04 )
    -2    -4    -7  (  -0.536908E-04 ,   0.625503E-04 )
    -1    -4    -7  (  -0.183700E-04 ,   0.222957E-04 )
    -6    -3    -7  (  -0.244840E-04 ,   0.278597E-04 )
    -5    -3    -7  (  -0.511510E-04 ,   0.666250E-04 )
    -4    -3    -7  (  -0.589191E-04 ,   0.720272E-04 )
    -3    -3    -7  (  -0.586812E-04 ,   0.692808E-04 )
    -2    -3    -7  (  -0.556840E-04 ,   0.699969E-04 )
    -1    -3    -7  (  -0.311762E-04 ,   0.422369E-04 )
    -5    -2    -7  (  -0.312369E-04 ,   0.404728E-04 )
    -4    -2    -7  (  -0.536908E-04 ,   0.625503E-04 )
    -3    -2    -7  (  -0.556840E-04 ,   0.699969E-04 )
    -2    -2    -7  (  -0.524736E-04 ,   0.694370E-04 )
    -1    -2    -7  (  -0.332828E-04 ,   0.394221E-04 )
    -4    -1    -7  (  -0.183700E-04 ,   0.222957E-04 )
    -3    -1    -7  (  -0.311762E-04 ,   0.422369E-04 )
    -2    -1    -7  (  -0.332828E-04 ,   0.394221E-04 )
     0     0    -6  (  -0.404000E-04 ,   0.442550E-04 )
    -5     0    -6  (  -0.268322E-05 ,   0.495090E-05 )
    -4     0    -6  (  -0.225810E-04 ,   0.284710E-04 )
    -3     0    -6  (  -0.331744E-04 ,   0.383399E-04 )
    -2     0    -6  (  -0.332437E-04 ,   0.439836E-04 )
    -1     0    -6  (  -0.424572E-04 ,   0.559776E-04 )
    -3     1    -6  (  -0.748293E-05 ,   0.960867E-05 )
    -2     1    -6  (  -0.178890E-04 ,   0.237105E-04 )
    -1     1    -6  (  -0.216639E-04 ,   0.228306E-04 )
    -6    -7    -6  (  -0.194485E-04 ,   0.241287E-04 )
    -5    -7    -6  (  -0.309385E-04 ,   0.389855E-04 )
    -4    -7    -6  (  -0.289877E-04 ,   0.325304E-04 )
    -3    -7    -6  (  -0.139756E-04 ,   0.147926E-04 )
    -7    -6    -6  (  -0.194485E-04 ,   0.241287E-04 )
    -6    -6    -6  (  -0.474536E-04 ,   0.552196E-04 )
    -5    -6    -6  (  -0.390065E-04 ,   0.385502E-04 )
    -4    -6    -6  (  -0.227334E-04 ,   0.270461E-04 )
    -3    -6    -6  (  -0.268546E-04 ,   0.368034E-04 )
    -2    -6    -6  (  -0.219544E-04 ,   0.323324E-04 )
    -1    -6    -6  (  -0.528220E-05 ,   0.726474E-05 )
     0    -5    -6  (  -0.268322E-05 ,   0.495090E-05 )
    -7    -5    -6  (  -0.309385E-04 ,   0.389855E-04 )
    -6    -5    -6  (  -0.390065E-04 ,   0.385502E-04 )
    -5    -5    -6  (   0.373909E-04 ,  -0.397846E-04 )
    -4    -5    -6  (   0.868414E-04 ,  -0.992184E-04 )
    -3    -5    -6  (   0.561240E-04 ,  -0.709410E-04 )
    -2    -5    -6  (  -0.823210E-05 ,   0.902976E-05 )
    -1    -5    -6  (  -0.235518E-04 ,   0.307070E-04 )
     0    -4    -6  (  -0.225810E-04 ,   0.284710E-04 )
    -7    -4    -6  (  -0.289877E-04 ,   0.325304E-04 )
    -6    -4    -6  (  -0.227334E-04 ,   0.270461E-04 )
    -5    -4    -6  (   0.868414E-04 ,  -0.992184E-04 )
    -4    -4    -6  (   0.201626E-03 ,  -0.249762E-03 )
    -3    -4    -6  (   0.210667E-03 ,  -0.251532E-03 )
    -2    -4    -6  (   0.954798E-04 ,  -0.115181E-03 )
    -1    -4    -6  (  -0.131037E-04 ,   0.176279E-04 )
     0    -3    -6  (  -0.331744E-04 ,   0.383399E-04 )
     1    -3    -6  (  -0.748293E-05 ,   0.960867E-05 )
    -7    -3    -6  (  -0.139756E-04 ,   0.147926E-04 )
    -6    -3    -6  (  -0.268546E-04 ,   0.368034E-04 )
    -5    -3    -6  (   0.561240E-04 ,  -0.709410E-04 )
    -4    -3    -6  (   0.210667E-03 ,  -0.251532E-03 )
    -3    -3    -6  (   0.260456E-03 ,  -0.313129E-03 )
    -2    -3    -6  (   0.177712E-03 ,  -0.225168E-03 )
    -1    -3    -6  (   0.308112E-04 ,  -0.416855E-04 )
     0    -2    -6  (  -0.332437E-04 ,   0.439836E-04 )
     1    -2    -6  (  -0.178890E-04 ,   0.237105E-04 )
    -6    -2    -6  (  -0.219544E-04 ,   0.323324E-04 )
    -5    -2    -6  (  -0.823210E-05 ,   0.902976E-05 )
    -4    -2    -6  (   0.954798E-04 ,  -0.115181E-03 )
    -3    -2    -6  (   0.177712E-03 ,  -0.225168E-03 )
    -2    -2    -6  (   0.158795E-03 ,  -0.197116E-03 )
    -1    -2    -6  (   0.425389E-04 ,  -0.523059E-04 )
     0    -1    -6  (  -0.424572E-04 ,   0.559776E-04 )
     1    -1    -6  (  -0.216639E-04 ,   0.228306E-04 )
    -6    -1    -6  (  -0.528220E-05 ,   0.726474E-05 )
    -5    -1    -6  (  -0.235518E-04 ,   0.307070E-04 )
    -4    -1    -6  (  -0.131037E-04 ,   0.176279E-04 )
    -3    -1    -6  (   0.308112E-04 ,  -0.416855E-04 )
    -2    -1    -6  (   0.425389E-04 ,  -0.523059E-04 )
    -1    -1    -6  (  -0.420259E-05 ,   0.984897E-05 )
     0     0    -5  (   0.102349E-03 ,  -0.121570E-03 )
     1     0    -5  (  -0.677321E-05 ,   0.116083E-04 )
     2     0    -5  (  -0.232635E-04 ,   0.283026E-04 )
    -6     0    -5  (   0.646676E-05 ,  -0.623334E-05 )
    -5     0    -5  (   0.236740E-05 ,   0.206092E-05 )
    -4     0    -5  (   0.124789E-04 ,  -0.189611E-04 )
    -3     0    -5  (   0.990093E-04 ,  -0.129342E-03 )
    -2     0    -5  (   0.186423E-03 ,  -0.240409E-03 )
    -1     0    -5  (   0.205244E-03 ,  -0.240769E-03 )
     0     1    -5  (  -0.677321E-05 ,   0.116083E-04 )
     1     1    -5  (  -0.326568E-04 ,   0.404892E-04 )
     2     1    -5  (  -0.165301E-04 ,   0.141479E-04 )
    -5     1    -5  (   0.453352E-05 ,  -0.334025E-05 )
    -4     1    -5  (   0.199336E-05 ,   0.173511E-05 )
    -3     1    -5  (  -0.687247E-05 ,   0.883343E-05 )
    -2     1    -5  (   0.845428E-05 ,  -0.148311E-04 )
    -1     1    -5  (   0.176867E-04 ,  -0.232230E-04 )
     0     2    -5  (  -0.232635E-04 ,   0.283026E-04 )
     1     2    -5  (  -0.165301E-04 ,   0.141479E-04 )
    -3     2    -5  (  -0.575211E-06 ,  -0.500808E-06 )
    -2     2    -5  (  -0.921338E-05 ,   0.932139E-05 )
    -1     2    -5  (  -0.166922E-04 ,   0.222946E-04 )
    -6    -7    -5  (  -0.256039E-04 ,   0.302766E-04 )
    -5    -7    -5  (  -0.306112E-04 ,   0.297518E-04 )
    -4    -7    -5  (  -0.199145E-04 ,   0.209842E-04 )
    -3    -7    -5  (  -0.806851E-05 ,   0.130507E-04 )
    -2    -7    -5  (   0.356660E-05 ,   0.310489E-05 )
     0    -6    -5  (   0.646676E-05 ,  -0.623334E-05 )
    -7    -6    -5  (  -0.256039E-04 ,   0.302766E-04 )
    -6    -6    -5  (  -0.266542E-04 ,   0.227198E-04 )
    -5    -6    -5  (   0.386309E-04 ,  -0.356417E-04 )
    -4    -6    -5  (   0.632192E-04 ,  -0.663943E-04 )
    -3    -6    -5  (   0.331360E-04 ,  -0.445510E-04 )
    -2    -6    -5  (  -0.460541E-06 ,   0.747135E-06 )
    -1    -6    -5  (   0.113431E-05 ,   0.987804E-06 )
     0    -5    -5  (   0.236740E-05 ,   0.206092E-05 )
     1    -5    -5  (   0.453352E-05 ,  -0.334025E-05 )
    -7    -5    -5  (  -0.306112E-04 ,   0.297518E-04 )
    -6    -5    -5  (   0.386309E-04 ,  -0.356417E-04 )
    -5    -5    -5  (   0.185934E-03 ,  -0.198807E-03 )
    -4    -5    -5  (   0.247290E-03 ,  -0.307906E-03 )
    -3    -5    -5  (   0.236124E-03 ,  -0.275245E-03 )
    -2    -5    -5  (   0.126048E-03 ,  -0.150228E-03 )
    -1    -5    -5  (   0.143476E-04 ,  -0.215131E-04 )
     0    -4    -5  (   0.124789E-04 ,  -0.189611E-04 )
     1    -4    -5  (   0.199336E-05 ,   0.173511E-05 )
    -7    -4    -5  (  -0.199145E-04 ,   0.209842E-04 )
    -6    -4    -5  (   0.632192E-04 ,  -0.663943E-04 )
    -5    -4    -5  (   0.247290E-03 ,  -0.307906E-03 )
    -4    -4    -5  (   0.234233E-03 ,  -0.246244E-03 )
    -3    -4    -5  (   0.942467E-04 ,  -0.544019E-04 )
    -2    -4    -5  (   0.178247E-03 ,  -0.228858E-03 )
    -1    -4    -5  (   0.142093E-03 ,  -0.190405E-03 )
     0    -3    -5  (   0.990093E-04 ,  -0.129342E-03 )
     1    -3    -5  (  -0.687247E-05 ,   0.883343E-05 )
     2    -3    -5  (  -0.575211E-06 ,  -0.500808E-06 )
    -7    -3    -5  (  -0.806851E-05 ,   0.130507E-04 )
    -6    -3    -5  (   0.331360E-04 ,  -0.445510E-04 )
    -5    -3    -5  (   0.236124E-03 ,  -0.275245E-03 )
    -4    -3    -5  (   0.942467E-04 ,  -0.544019E-04 )
    -3    -3    -5  (  -0.410402E-03 ,   0.478330E-03 )
    -2    -3    -5  (  -0.161470E-03 ,   0.188466E-03 )
    -1    -3    -5  (   0.207712E-03 ,  -0.254198E-03 )
     0    -2    -5  (   0.186423E-03 ,  -0.240409E-03 )
     1    -2    -5  (   0.845428E-05 ,  -0.148311E-04 )
     2    -2    -5  (  -0.921338E-05 ,   0.932139E-05 )
    -7    -2    -5  (   0.356660E-05 ,   0.310489E-05 )
    -6    -2    -5  (  -0.460540E-06 ,   0.747136E-06 )
    -5    -2    -5  (   0.126048E-03 ,  -0.150228E-03 )
    -4    -2    -5  (   0.178247E-03 ,  -0.228858E-03 )
    -3    -2    -5  (  -0.161470E-03 ,   0.188466E-03 )
    -2    -2    -5  (  -0.227470E-03 ,   0.292399E-03 )
    -1    -2    -5  (   0.151461E-03 ,  -0.229687E-03 )
     0    -1    -5  (   0.205244E-03 ,  -0.240769E-03 )
     1    -1    -5  (   0.176867E-04 ,  -0.232230E-04 )
     2    -1    -5  (  -0.166922E-04 ,   0.222946E-04 )
    -6    -1    -5  (   0.113431E-05 ,   0.987804E-06 )
    -5    -1    -5  (   0.143476E-04 ,  -0.215131E-04 )
    -4    -1    -5  (   0.142093E-03 ,  -0.190405E-03 )
    -3    -1    -5  (   0.207712E-03 ,  -0.254198E-03 )
    -2    -1    -5  (   0.151461E-03 ,  -0.229687E-03 )
    -1    -1    -5  (   0.264992E-03 ,  -0.354780E-03 )
     0     0    -4  (  -0.337759E-03 ,   0.261080E-03 )
     1     0    -4  (   0.181992E-03 ,  -0.216548E-03 )
     2     0    -4  (   0.425496E-04 ,  -0.428334E-04 )
     3     0    -4  (  -0.904528E-05 ,   0.565008E-05 )
    -6     0    -4  (   0.289955E-04 ,  -0.262028E-04 )
    -5     0    -4  (  -0.193286E-04 ,   0.171767E-04 )
    -4     0    -4  (  -0.979962E-05 ,  -0.853115E-05 )
    -3     0    -4  (  -0.523645E-04 ,   0.747669E-04 )
    -2     0    -4  (  -0.753014E-03 ,   0.992928E-03 )
    -1     0    -4  (  -0.116189E-02 ,   0.137426E-02 )
     0     1    -4  (   0.181992E-03 ,  -0.216548E-03 )
     1     1    -4  (   0.135886E-03 ,  -0.133169E-03 )
     2     1    -4  (   0.701637E-05 ,  -0.108557E-04 )
     3     1    -4  (  -0.122727E-04 ,   0.156743E-04 )
    -5     1    -4  (   0.271656E-04 ,  -0.275609E-04 )
    -4     1    -4  (  -0.170590E-04 ,   0.149743E-04 )
    -3     1    -4  (  -0.613338E-05 ,  -0.533846E-05 )
    -2     1    -4  (   0.659392E-04 ,  -0.784779E-04 )
    -1     1    -4  (   0.821002E-04 ,  -0.140909E-03 )
     0     2    -4  (   0.425496E-04 ,  -0.428334E-04 )
     1     2    -4  (   0.701637E-05 ,  -0.108557E-04 )
     2     2    -4  (  -0.180352E-04 ,   0.223372E-04 )
     3     2    -4  (  -0.105891E-04 ,   0.118147E-04 )
    -4     2    -4  (   0.250851E-04 ,  -0.262913E-04 )
    -3     2    -4  (   0.780141E-05 ,  -0.802498E-05 )
    -2     2    -4  (  -0.841236E-06 ,  -0.731795E-06 )
    -1     2    -4  (   0.291381E-04 ,  -0.346015E-04 )
     0     3    -4  (  -0.904528E-05 ,   0.565008E-05 )
     1     3    -4  (  -0.122727E-04 ,   0.156743E-04 )
     2     3    -4  (  -0.105891E-04 ,   0.118147E-04 )
    -3     3    -4  (   0.848504E-05 ,  -0.873656E-05 )
    -2     3    -4  (   0.796215E-05 ,  -0.104112E-04 )
    -1     3    -4  (  -0.334264E-05 ,  -0.291005E-05 )
    -4    -8    -4  (  -0.199546E-05 ,  -0.173677E-05 )
    -6    -7    -4  (  -0.219568E-04 ,   0.183085E-04 )
    -5    -7    -4  (  -0.161281E-04 ,   0.132981E-04 )
    -4    -7    -4  (  -0.543802E-05 ,   0.808027E-05 )
    -3    -7    -4  (   0.163901E-05 ,   0.142699E-05 )
    -2    -7    -4  (   0.118128E-04 ,  -0.979054E-05 )
    -1    -7    -4  (   0.127237E-04 ,  -0.158816E-04 )
     0    -6    -4  (   0.289955E-04 ,  -0.262028E-04 )
    -7    -6    -4  (  -0.219568E-04 ,   0.183085E-04 )
    -6    -6    -4  (  -0.459455E-05 ,   0.639599E-05 )
    -5    -6    -4  (   0.555640E-04 ,  -0.471614E-04 )
    -4    -6    -4  (   0.762005E-04 ,  -0.101823E-03 )
    -3    -6    -4  (   0.590104E-04 ,  -0.693631E-04 )
    -2    -6    -4  (   0.192177E-05 ,   0.167137E-05 )
    -1    -6    -4  (   0.676460E-06 ,  -0.559151E-06 )
     0    -5    -4  (  -0.193286E-04 ,   0.171767E-04 )
     1    -5    -4  (   0.271656E-04 ,  -0.275609E-04 )
    -7    -5    -4  (  -0.161281E-04 ,   0.132981E-04 )
    -6    -5    -4  (   0.555640E-04 ,  -0.471614E-04 )
    -5    -5    -4  (   0.163006E-03 ,  -0.208642E-03 )
    -4    -5    -4  (   0.125813E-03 ,  -0.132253E-03 )
    -3    -5    -4  (   0.264935E-04 ,   0.427010E-04 )
    -2    -5    -4  (   0.292589E-04 ,  -0.525353E-04 )
    -1    -5    -4  (  -0.176643E-04 ,  -0.153779E-04 )
     0    -4    -4  (  -0.979962E-05 ,  -0.853115E-05 )
     1    -4    -4  (  -0.170590E-04 ,   0.149743E-04 )
     2    -4    -4  (   0.250851E-04 ,  -0.262913E-04 )
    -8    -4    -4  (  -0.199546E-05 ,  -0.173677E-05 )
    -7    -4    -4  (  -0.543802E-05 ,   0.808027E-05 )
    -6    -4    -4  (   0.762005E-04 ,  -0.101823E-03 )
    -5    -4    -4  (   0.125813E-03 ,  -0.132253E-03 )
    -4    -4    -4  (  -0.887760E-03 ,   0.119524E-02 )
    -3    -4    -4  (  -0.219142E-02 ,   0.262736E-02 )
    -2    -4    -4  (  -0.126602E-02 ,   0.152197E-02 )
    -1    -4    -4  (  -0.906805E-04 ,   0.131546E-03 )
     0    -3    -4  (  -0.523645E-04 ,   0.747669E-04 )
     1    -3    -4  (  -0.613338E-05 ,  -0.533846E-05 )
     2    -3    -4  (   0.780141E-05 ,  -0.802498E-05 )
     3    -3    -4  (   0.848504E-05 ,  -0.873656E-05 )
    -7    -3    -4  (   0.163901E-05 ,   0.142699E-05 )
    -6    -3    -4  (   0.590104E-04 ,  -0.693631E-04 )
    -5    -3    -4  (   0.264935E-04 ,   0.427010E-04 )
    -4    -3    -4  (  -0.219142E-02 ,   0.262736E-02 )
    -3    -3    -4  (  -0.649154E-02 ,   0.769816E-02 )
    -2    -3    -4  (  -0.630184E-02 ,   0.783763E-02 )
    -1    -3    -4  (  -0.207795E-02 ,   0.261930E-02 )
     0    -2    -4  (  -0.753014E-03 ,   0.992928E-03 )
     1    -2    -4  (   0.659392E-04 ,  -0.784779E-04 )
     2    -2    -4  (  -0.841236E-06 ,  -0.731796E-06 )
     3    -2    -4  (   0.796215E-05 ,  -0.104112E-04 )
    -7    -2    -4  (   0.118128E-04 ,  -0.979054E-05 )
    -6    -2    -4  (   0.192177E-05 ,   0.167137E-05 )
    -5    -2    -4  (   0.292589E-04 ,  -0.525353E-04 )
    -4    -2    -4  (  -0.126602E-02 ,   0.152197E-02 )
    -3    -2    -4  (  -0.630184E-02 ,   0.783763E-02 )
    -2    -2    -4  (  -0.987269E-02 ,   0.120111E-01 )
    -1    -2    -4  (  -0.539755E-02 ,   0.646900E-02 )
     0    -1    -4  (  -0.116189E-02 ,   0.137426E-02 )
     1    -1    -4  (   0.821002E-04 ,  -0.140909E-03 )
     2    -1    -4  (   0.291381E-04 ,  -0.346015E-04 )
     3    -1    -4  (  -0.334264E-05 ,  -0.291005E-05 )
    -7    -1    -4  (   0.127237E-04 ,  -0.158816E-04 )
    -6    -1    -4  (   0.676460E-06 ,  -0.559151E-06 )
    -5    -1    -4  (  -0.176643E-04 ,  -0.153779E-04 )
    -4    -1    -4  (  -0.906805E-04 ,   0.131546E-03 )
    -3    -1    -4  (  -0.207795E-02 ,   0.261930E-02 )
    -2    -1    -4  (  -0.539755E-02 ,   0.646900E-02 )
    -1    -1    -4  (  -0.445069E-02 ,   0.544633E-02 )
     0     0    -3  (  -0.898741E-02 ,   0.101603E-01 )
     1     0    -3  (  -0.187003E-02 ,   0.228033E-02 )
     2     0    -3  (  -0.329439E-04 ,   0.495067E-04 )
     3     0    -3  (  -0.622855E-06 ,  -0.539949E-06 )
     4     0    -3  (   0.434943E-05 ,  -0.973879E-05 )
    -6     0    -3  (   0.327481E-04 ,  -0.316727E-04 )
    -5     0    -3  (  -0.131409E-03 ,   0.145558E-03 )
    -4     0    -3  (   0.117782E-03 ,  -0.107952E-03 )
    -3     0    -3  (   0.228833E-03 ,   0.199203E-03 )
    -2     0    -3  (  -0.548189E-02 ,   0.732230E-02 )
    -1     0    -3  (  -0.133231E-01 ,   0.154929E-01 )
     0     1    -3  (  -0.187003E-02 ,   0.228033E-02 )
     1     1    -3  (  -0.647218E-03 ,   0.660092E-03 )
     2     1    -3  (   0.580655E-04 ,  -0.112188E-03 )
     3     1    -3  (   0.257880E-04 ,  -0.187143E-04 )
     4     1    -3  (  -0.555575E-05 ,  -0.483661E-05 )
    -6     1    -3  (   0.242171E-04 ,  -0.280917E-04 )
    -5     1    -3  (   0.780819E-05 ,  -0.939850E-05 )
    -4     1    -3  (  -0.168990E-03 ,   0.166991E-03 )
    -3     1    -3  (   0.668314E-04 ,  -0.621741E-04 )
    -2     1    -3  (   0.432042E-04 ,   0.375981E-04 )
    -1     1    -3  (  -0.144566E-02 ,   0.172251E-02 )
     0     2    -3  (  -0.329439E-04 ,   0.495067E-04 )
     1     2    -3  (   0.580655E-04 ,  -0.112188E-03 )
     2     2    -3  (   0.935599E-04 ,  -0.832759E-04 )
     3     2    -3  (  -0.124491E-05 ,  -0.310304E-06 )
     4     2    -3  (  -0.545146E-05 ,   0.138339E-06 )
    -5     2    -3  (   0.357784E-04 ,  -0.365195E-04 )
    -4     2    -3  (   0.156525E-04 ,  -0.154093E-04 )
    -3     2    -3  (  -0.114453E-03 ,   0.115900E-03 )
    -2     2    -3  (  -0.686364E-04 ,   0.761326E-04 )
    -1     2    -3  (   0.357133E-04 ,   0.310857E-04 )
     0     3    -3  (  -0.622856E-06 ,  -0.539947E-06 )
     1     3    -3  (   0.257880E-04 ,  -0.187143E-04 )
     2     3    -3  (  -0.124491E-05 ,  -0.310304E-06 )
     3     3    -3  (  -0.129203E-04 ,   0.638517E-05 )
    -4     3    -3  (   0.195495E-04 ,  -0.212691E-04 )
    -3     3    -3  (   0.333989E-04 ,  -0.381446E-04 )
    -2     3    -3  (  -0.135236E-04 ,   0.104189E-04 )
    -1     3    -3  (  -0.302541E-04 ,   0.336328E-04 )
     0     4    -3  (   0.434943E-05 ,  -0.973879E-05 )
     1     4    -3  (  -0.555575E-05 ,  -0.483661E-05 )
     2     4    -3  (  -0.545146E-05 ,   0.138339E-06 )
    -2     4    -3  (   0.210173E-04 ,  -0.209881E-04 )
    -1     4    -3  (   0.197803E-04 ,  -0.196078E-04 )
    -6    -7    -3  (  -0.121369E-04 ,   0.321965E-05 )
    -5    -7    -3  (  -0.713780E-05 ,   0.386693E-05 )
    -4    -7    -3  (  -0.457067E-06 ,  -0.397653E-06 )
    -3    -7    -3  (   0.725291E-05 ,  -0.650009E-05 )
    -2    -7    -3  (   0.180370E-04 ,  -0.226175E-04 )
    -1    -7    -3  (   0.282217E-04 ,  -0.331961E-04 )
     0    -6    -3  (   0.327481E-04 ,  -0.316727E-04 )
     1    -6    -3  (   0.242171E-04 ,  -0.280917E-04 )
    -7    -6    -3  (  -0.121369E-04 ,   0.321965E-05 )
    -6    -6    -3  (  -0.806813E-05 ,   0.808980E-05 )
    -5    -6    -3  (   0.232681E-04 ,  -0.300001E-04 )
    -4    -6    -3  (   0.610423E-04 ,  -0.556680E-04 )
    -3    -6    -3  (   0.208435E-04 ,   0.181406E-04 )
    -2    -6    -3  (  -0.605610E-04 ,   0.680092E-04 )
    -1    -6    -3  (  -0.395552E-04 ,   0.389621E-04 )
     0    -5    -3  (  -0.131409E-03 ,   0.145558E-03 )
     1    -5    -3  (   0.780819E-05 ,  -0.939850E-05 )
     2    -5    -3  (   0.357784E-04 ,  -0.365195E-04 )
    -7    -5    -3  (  -0.713780E-05 ,   0.386693E-05 )
    -6    -5    -3  (   0.232681E-04 ,  -0.300001E-04 )
    -5    -5    -3  (   0.139225E-03 ,  -0.134160E-03 )
    -4    -5    -3  (   0.156598E-04 ,   0.913283E-04 )
    -3    -5    -3  (  -0.247241E-03 ,   0.251337E-03 )
    -2    -5    -3  (  -0.516498E-04 ,  -0.449531E-04 )
    -1    -5    -3  (  -0.479966E-04 ,   0.362220E-04 )
     0    -4    -3  (   0.117782E-03 ,  -0.107952E-03 )
     1    -4    -3  (  -0.168990E-03 ,   0.166991E-03 )
     2    -4    -3  (   0.156525E-04 ,  -0.154093E-04 )
     3    -4    -3  (   0.195495E-04 ,  -0.212691E-04 )
    -7    -4    -3  (  -0.457067E-06 ,  -0.397653E-06 )
    -6    -4    -3  (   0.610423E-04 ,  -0.556680E-04 )
    -5    -4    -3  (   0.156598E-04 ,   0.913283E-04 )
    -4    -4    -3  (  -0.176770E-02 ,   0.190940E-02 )
    -3    -4    -3  (  -0.418408E-02 ,   0.435217E-02 )
    -2    -4    -3  (  -0.245336E-02 ,   0.299062E-02 )
    -1    -4    -3  (   0.124423E-03 ,   0.108333E-03 )
     0    -3    -3  (   0.228833E-03 ,   0.199203E-03 )
     1    -3    -3  (   0.668314E-04 ,  -0.621741E-04 )
     2    -3    -3  (  -0.114453E-03 ,   0.115900E-03 )
     3    -3    -3  (   0.333989E-04 ,  -0.381446E-04 )
    -7    -3    -3  (   0.725291E-05 ,  -0.650009E-05 )
    -6    -3    -3  (   0.208435E-04 ,   0.181406E-04 )
    -5    -3    -3  (  -0.247241E-03 ,   0.251337E-03 )
    -4    -3    -3  (  -0.418408E-02 ,   0.435217E-02 )
    -3    -3    -3  (  -0.144862E-01 ,   0.167189E-01 )
    -2    -3    -3  (  -0.176721E-01 ,   0.217327E-01 )
    -1    -3    -3  (  -0.641361E-02 ,   0.847352E-02 )
     0    -2    -3  (  -0.548189E-02 ,   0.732230E-02 )
     1    -2    -3  (   0.432042E-04 ,   0.375981E-04 )
     2    -2    -3  (  -0.686364E-04 ,   0.761326E-04 )
     3    -2    -3  (  -0.135236E-04 ,   0.104189E-04 )
     4    -2    -3  (   0.210173E-04 ,  -0.209881E-04 )
    -7    -2    -3  (   0.180370E-04 ,  -0.226175E-04 )
    -6    -2    -3  (  -0.605610E-04 ,   0.680092E-04 )
    -5    -2    -3  (  -0.516498E-04 ,  -0.449531E-04 )
    -4    -2    -3  (  -0.245336E-02 ,   0.299062E-02 )
    -3    -2    -3  (  -0.176721E-01 ,   0.217327E-01 )
    -2    -2    -3  (  -0.376324E-01 ,   0.451203E-01 )
    -1    -2    -3  (  -0.259066E-01 ,   0.321561E-01 )
     0    -1    -3  (  -0.133231E-01 ,   0.154929E-01 )
     1    -1    -3  (  -0.144566E-02 ,   0.172251E-02 )
     2    -1    -3  (   0.357133E-04 ,   0.310857E-04 )
     3    -1    -3  (  -0.302541E-04 ,   0.336328E-04 )
     4    -1    -3  (   0.197803E-04 ,  -0.196078E-04 )
    -7    -1    -3  (   0.282217E-04 ,  -0.331961E-04 )
    -6    -1    -3  (  -0.395552E-04 ,   0.389621E-04 )
    -5    -1    -3  (  -0.479966E-04 ,   0.362220E-04 )
    -4    -1    -3  (   0.124423E-03 ,   0.108333E-03 )
    -3    -1    -3  (  -0.641361E-02 ,   0.847352E-02 )
    -2    -1    -3  (  -0.259066E-01 ,   0.321561E-01 )
    -1    -1    -3  (  -0.315826E-01 ,   0.388144E-01 )
     0     0    -2  (  -0.361559E-01 ,   0.426416E-01 )
     1     0    -2  (  -0.102986E-01 ,   0.105988E-01 )
     2     0    -2  (  -0.319292E-03 ,  -0.278001E-03 )
     3     0    -2  (   0.444907E-04 ,  -0.394562E-04 )
     4     0    -2  (  -0.365579E-04 ,   0.480514E-04 )
     5     0    -2  (   0.248248E-04 ,  -0.269448E-04 )
    -6     0    -2  (   0.236525E-04 ,  -0.262455E-04 )
    -5     0    -2  (  -0.240052E-03 ,   0.271821E-03 )
    -4     0    -2  (   0.133283E-02 ,  -0.146378E-02 )
    -3     0    -2  (   0.750802E-02 ,  -0.752069E-02 )
    -2     0    -2  (   0.153900E-02 ,   0.133973E-02 )
    -1     0    -2  (  -0.339467E-01 ,   0.407638E-01 )
     0     1    -2  (  -0.102986E-01 ,   0.105988E-01 )
     1     1    -2  (  -0.674245E-02 ,   0.553501E-02 )
     2     1    -2  (  -0.812251E-03 ,   0.548734E-03 )
     3     1    -2  (   0.568176E-04 ,   0.494566E-04 )
     4     1    -2  (  -0.149810E-04 ,   0.281242E-04 )
     5     1    -2  (   0.138329E-04 ,  -0.143178E-04 )
    -6     1    -2  (   0.432263E-04 ,  -0.507781E-04 )
    -5     1    -2  (  -0.625233E-04 ,   0.653700E-04 )
    -4     1    -2  (  -0.202090E-03 ,   0.208102E-03 )
    -3     1    -2  (   0.230772E-02 ,  -0.241928E-02 )
    -2     1    -2  (   0.649640E-02 ,  -0.643926E-02 )
    -1     1    -2  (   0.509253E-03 ,   0.443087E-03 )
     0     2    -2  (  -0.319292E-03 ,  -0.278001E-03 )
     1     2    -2  (  -0.812251E-03 ,   0.548734E-03 )
     2     2    -2  (  -0.113832E-03 ,   0.223530E-03 )
     3     2    -2  (   0.289943E-04 ,   0.644395E-05 )
     4     2    -2  (   0.249233E-05 ,   0.217004E-05 )
     5     2    -2  (  -0.614041E-06 ,  -0.541925E-05 )
    -5     2    -2  (   0.589345E-04 ,  -0.598495E-04 )
    -4     2    -2  (  -0.100913E-03 ,   0.110451E-03 )
    -3     2    -2  (  -0.223125E-03 ,   0.240781E-03 )
    -2     2    -2  (   0.879604E-03 ,  -0.882748E-03 )
    -1     2    -2  (   0.150674E-02 ,  -0.166943E-02 )
     0     3    -2  (   0.444907E-04 ,  -0.394562E-04 )
     1     3    -2  (   0.568176E-04 ,   0.494566E-04 )
     2     3    -2  (   0.289943E-04 ,   0.644395E-05 )
     3     3    -2  (   0.235883E-04 ,  -0.180820E-04 )
     4     3    -2  (  -0.801084E-05 ,   0.506442E-05 )
     5     3    -2  (  -0.427136E-05 ,  -0.371822E-05 )
    -4     3    -2  (   0.545486E-04 ,  -0.618034E-04 )
    -3     3    -2  (  -0.370384E-04 ,   0.362654E-04 )
    -2     3    -2  (  -0.212405E-03 ,   0.217796E-03 )
    -1     3    -2  (  -0.128243E-03 ,   0.100749E-03 )
     0     4    -2  (  -0.365579E-04 ,   0.480514E-04 )
     1     4    -2  (  -0.149810E-04 ,   0.281242E-04 )
     2     4    -2  (   0.249233E-05 ,   0.217004E-05 )
     3     4    -2  (  -0.801084E-05 ,   0.506442E-05 )
     4     4    -2  (  -0.105955E-04 ,  -0.929191E-06 )
    -3     4    -2  (   0.375342E-04 ,  -0.367030E-04 )
    -2     4    -2  (   0.389793E-04 ,  -0.389916E-04 )
    -1     4    -2  (  -0.205624E-04 ,   0.207205E-04 )
     0     5    -2  (   0.248248E-04 ,  -0.269448E-04 )
     1     5    -2  (   0.138329E-04 ,  -0.143178E-04 )
     2     5    -2  (  -0.614041E-06 ,  -0.541926E-05 )
     3     5    -2  (  -0.427136E-05 ,  -0.371822E-05 )
    -1     5    -2  (   0.196253E-04 ,  -0.246056E-04 )
    -5    -7    -2  (  -0.674849E-06 ,  -0.587448E-06 )
    -4    -7    -2  (   0.284558E-05 ,  -0.760279E-05 )
    -3    -7    -2  (   0.109468E-04 ,  -0.178076E-04 )
    -2    -7    -2  (   0.252459E-04 ,  -0.344211E-04 )
    -1    -7    -2  (   0.343462E-04 ,  -0.360185E-04 )
     0    -6    -2  (   0.236525E-04 ,  -0.262455E-04 )
     1    -6    -2  (   0.432263E-04 ,  -0.507781E-04 )
    -6    -6    -2  (  -0.773118E-05 ,   0.468824E-05 )
    -5    -6    -2  (   0.629502E-05 ,  -0.492156E-05 )
    -4    -6    -2  (   0.205561E-04 ,   0.178923E-04 )
    -3    -6    -2  (  -0.467175E-04 ,   0.681345E-04 )
    -2    -6    -2  (  -0.903410E-04 ,   0.895120E-04 )
    -1    -6    -2  (  -0.570413E-04 ,   0.717698E-04 )
     0    -5    -2  (  -0.240052E-03 ,   0.271821E-03 )
     1    -5    -2  (  -0.625233E-04 ,   0.653700E-04 )
     2    -5    -2  (   0.589345E-04 ,  -0.598495E-04 )
    -7    -5    -2  (  -0.674849E-06 ,  -0.587448E-06 )
    -6    -5    -2  (   0.629502E-05 ,  -0.492156E-05 )
    -5    -5    -2  (   0.819128E-04 ,  -0.984318E-05 )
    -4    -5    -2  (  -0.348045E-04 ,   0.463781E-04 )
    -3    -5    -2  (  -0.111082E-03 ,  -0.966861E-04 )
    -2    -5    -2  (   0.214837E-03 ,  -0.279532E-03 )
    -1    -5    -2  (   0.459460E-04 ,   0.203521E-04 )
     0    -4    -2  (   0.133283E-02 ,  -0.146378E-02 )
     1    -4    -2  (  -0.202090E-03 ,   0.208102E-03 )
     2    -4    -2  (  -0.100913E-03 ,   0.110451E-03 )
     3    -4    -2  (   0.545486E-04 ,  -0.618034E-04 )
    -7    -4    -2  (   0.284558E-05 ,  -0.760278E-05 )
    -6    -4    -2  (   0.205561E-04 ,   0.178923E-04 )
    -5    -4    -2  (  -0.348045E-04 ,   0.463781E-04 )
    -4    -4    -2  (  -0.956368E-03 ,   0.505211E-03 )
    -3    -4    -2  (  -0.204245E-02 ,   0.157306E-02 )
    -2    -4    -2  (   0.300421E-04 ,   0.262322E-04 )
    -1    -4    -2  (   0.262366E-02 ,  -0.284225E-02 )
     0    -3    -2  (   0.750802E-02 ,  -0.752069E-02 )
     1    -3    -2  (   0.230772E-02 ,  -0.241928E-02 )
     2    -3    -2  (  -0.223125E-03 ,   0.240781E-03 )
     3    -3    -2  (  -0.370384E-04 ,   0.362654E-04 )
     4    -3    -2  (   0.375342E-04 ,  -0.367030E-04 )
    -7    -3    -2  (   0.109468E-04 ,  -0.178076E-04 )
    -6    -3    -2  (  -0.467175E-04 ,   0.681344E-04 )
    -5    -3    -2  (  -0.111082E-03 ,  -0.966861E-04 )
    -4    -3    -2  (  -0.204245E-02 ,   0.157306E-02 )
    -3    -3    -2  (  -0.110366E-01 ,   0.118928E-01 )
    -2    -3    -2  (  -0.158427E-01 ,   0.176523E-01 )
    -1    -3    -2  (   0.521404E-03 ,   0.454146E-03 )
     0    -2    -2  (   0.153900E-02 ,   0.133973E-02 )
     1    -2    -2  (   0.649640E-02 ,  -0.643926E-02 )
     2    -2    -2  (   0.879604E-03 ,  -0.882748E-03 )
     3    -2    -2  (  -0.212405E-03 ,   0.217796E-03 )
     4    -2    -2  (   0.389793E-04 ,  -0.389916E-04 )
    -7    -2    -2  (   0.252459E-04 ,  -0.344211E-04 )
    -6    -2    -2  (  -0.903410E-04 ,   0.895120E-04 )
    -5    -2    -2  (   0.214837E-03 ,  -0.279532E-03 )
    -4    -2    -2  (   0.300420E-04 ,   0.262323E-04 )
    -3    -2    -2  (  -0.158427E-01 ,   0.176523E-01 )
    -2    -2    -2  (  -0.536191E-01 ,   0.599336E-01 )
    -1    -2    -2  (  -0.391864E-01 ,   0.501787E-01 )
     0    -1    -2  (  -0.339467E-01 ,   0.407638E-01 )
     1    -1    -2  (   0.509253E-03 ,   0.443087E-03 )
     2    -1    -2  (   0.150674E-02 ,  -0.166943E-02 )
     3    -1    -2  (  -0.128243E-03 ,   0.100749E-03 )
     4    -1    -2  (  -0.205624E-04 ,   0.207205E-04 )
     5    -1    -2  (   0.196253E-04 ,  -0.246056E-04 )
    -7    -1    -2  (   0.343462E-04 ,  -0.360185E-04 )
    -6    -1    -2  (  -0.570413E-04 ,   0.717698E-04 )
    -5    -1    -2  (   0.459460E-04 ,   0.203521E-04 )
    -4    -1    -2  (   0.262366E-02 ,  -0.284225E-02 )
    -3    -1    -2  (   0.521403E-03 ,   0.454147E-03 )
    -2    -1    -2  (  -0.391864E-01 ,   0.501787E-01 )
    -1    -1    -2  (  -0.827623E-01 ,   0.101446     )
     0     0    -1  (  -0.523677E-01 ,   0.601575E-01 )
     1     0    -1  (  -0.380349E-02 ,  -0.331151E-02 )
     2     0    -1  (   0.907773E-02 ,  -0.116621E-01 )
     3     0    -1  (   0.200071E-02 ,  -0.216667E-02 )
     4     0    -1  (  -0.189385E-03 ,   0.210119E-03 )
     5     0    -1  (   0.105636E-04 ,  -0.830942E-05 )
    -6     0    -1  (   0.328026E-04 ,  -0.439495E-04 )
    -5     0    -1  (  -0.270861E-03 ,   0.287384E-03 )
    -4     0    -1  (   0.230004E-02 ,  -0.253277E-02 )
    -3     0    -1  (   0.190879E-01 ,  -0.205000E-01 )
    -2     0    -1  (   0.442950E-01 ,  -0.457310E-01 )
    -1     0    -1  (   0.198271E-02 ,   0.172596E-02 )
     0     1    -1  (  -0.380349E-02 ,  -0.331151E-02 )
     1     1    -1  (  -0.117445E-01 ,   0.687981E-02 )
     2     1    -1  (  -0.795406E-03 ,  -0.692688E-03 )
     3     1    -1  (   0.431540E-03 ,  -0.880230E-03 )
     4     1    -1  (  -0.103113E-03 ,   0.729853E-04 )
     5     1    -1  (  -0.978464E-05 ,   0.844659E-05 )
     6     1    -1  (   0.117335E-04 ,  -0.183235E-04 )
    -6     1    -1  (   0.480111E-04 ,  -0.510479E-04 )
    -5     1    -1  (  -0.862945E-04 ,   0.996931E-04 )
    -4     1    -1  (  -0.408855E-04 ,   0.100847E-03 )
    -3     1    -1  (   0.689368E-02 ,  -0.732239E-02 )
    -2     1    -1  (   0.282762E-01 ,  -0.300933E-01 )
    -1     1    -1  (   0.356933E-01 ,  -0.392439E-01 )
     0     2    -1  (   0.907773E-02 ,  -0.116621E-01 )
     1     2    -1  (  -0.795406E-03 ,  -0.692688E-03 )
     2     2    -1  (  -0.195421E-02 ,   0.625328E-03 )
     3     2    -1  (  -0.251562E-03 ,  -0.218990E-03 )
     4     2    -1  (   0.103763E-04 ,   0.278338E-04 )
     5     2    -1  (  -0.479104E-06 ,  -0.119017E-05 )
     6     2    -1  (   0.102420E-04 ,  -0.121176E-04 )
    -5     2    -1  (   0.605874E-04 ,  -0.677321E-04 )
    -4     2    -1  (  -0.220077E-03 ,   0.243339E-03 )
    -3     2    -1  (   0.164398E-03 ,  -0.185915E-03 )
    -2     2    -1  (   0.566287E-02 ,  -0.623805E-02 )
    -1     2    -1  (   0.135077E-01 ,  -0.153324E-01 )
     0     3    -1  (   0.200071E-02 ,  -0.216667E-02 )
     1     3    -1  (   0.431540E-03 ,  -0.880231E-03 )
     2     3    -1  (  -0.251562E-03 ,  -0.218990E-03 )
     3     3    -1  (   0.590303E-04 ,  -0.563784E-04 )
     4     3    -1  (   0.281885E-04 ,   0.245389E-04 )
     5     3    -1  (   0.391194E-05 ,  -0.863342E-05 )
    -4     3    -1  (   0.632139E-04 ,  -0.682885E-04 )
    -3     3    -1  (  -0.198510E-03 ,   0.207065E-03 )
    -2     3    -1  (  -0.206607E-03 ,   0.181688E-03 )
    -1     3    -1  (   0.120092E-02 ,  -0.134031E-02 )
     0     4    -1  (  -0.189385E-03 ,   0.210119E-03 )
     1     4    -1  (  -0.103113E-03 ,   0.729853E-04 )
     2     4    -1  (   0.103763E-04 ,   0.278338E-04 )
     3     4    -1  (   0.281885E-04 ,   0.245389E-04 )
     4     4    -1  (   0.205650E-05 ,  -0.183213E-06 )
     5     4    -1  (   0.436421E-06 ,   0.379143E-06 )
    -3     4    -1  (   0.616492E-04 ,  -0.648045E-04 )
    -2     4    -1  (  -0.459402E-04 ,   0.493456E-04 )
    -1     4    -1  (  -0.210167E-03 ,   0.236486E-03 )
     0     5    -1  (   0.105636E-04 ,  -0.830942E-05 )
     1     5    -1  (  -0.978464E-05 ,   0.844659E-05 )
     2     5    -1  (  -0.479104E-06 ,  -0.119017E-05 )
     3     5    -1  (   0.391194E-05 ,  -0.863342E-05 )
     4     5    -1  (   0.436421E-06 ,   0.379143E-06 )
    -2     5    -1  (   0.344559E-04 ,  -0.384014E-04 )
    -1     5    -1  (   0.495883E-04 ,  -0.497713E-04 )
     1     6    -1  (   0.117335E-04 ,  -0.183235E-04 )
     2     6    -1  (   0.102420E-04 ,  -0.121176E-04 )
    -4    -7    -1  (   0.151532E-05 ,  -0.124650E-04 )
    -3    -7    -1  (   0.151058E-04 ,  -0.242716E-04 )
    -2    -7    -1  (   0.264563E-04 ,  -0.295341E-04 )
    -1    -7    -1  (   0.212160E-04 ,  -0.225898E-04 )
     0    -6    -1  (   0.328026E-04 ,  -0.439495E-04 )
     1    -6    -1  (   0.480111E-04 ,  -0.510479E-04 )
    -6    -6    -1  (  -0.677706E-05 ,   0.976839E-06 )
    -5    -6    -1  (  -0.579374E-05 ,  -0.504330E-05 )
    -4    -6    -1  (  -0.400656E-05 ,   0.691370E-05 )
    -3    -6    -1  (  -0.265048E-04 ,   0.271827E-04 )
    -2    -6    -1  (  -0.390481E-04 ,   0.615361E-04 )
    -1    -6    -1  (  -0.299737E-04 ,   0.431764E-04 )
     0    -5    -1  (  -0.270861E-03 ,   0.287384E-03 )
     1    -5    -1  (  -0.862945E-04 ,   0.996931E-04 )
     2    -5    -1  (   0.605874E-04 ,  -0.677321E-04 )
    -6    -5    -1  (  -0.579374E-05 ,  -0.504330E-05 )
    -5    -5    -1  (   0.606020E-05 ,   0.138802E-04 )
    -4    -5    -1  (  -0.106342E-04 ,  -0.925468E-05 )
    -3    -5    -1  (   0.411356E-04 ,  -0.408671E-04 )
    -2    -5    -1  (   0.926145E-04 ,   0.291679E-05 )
    -1    -5    -1  (  -0.113639E-03 ,   0.142847E-03 )
     0    -4    -1  (   0.230004E-02 ,  -0.253277E-02 )
     1    -4    -1  (  -0.408855E-04 ,   0.100847E-03 )
     2    -4    -1  (  -0.220077E-03 ,   0.243339E-03 )
     3    -4    -1  (   0.632139E-04 ,  -0.682885E-04 )
    -7    -4    -1  (   0.151532E-05 ,  -0.124650E-04 )
    -6    -4    -1  (  -0.400656E-05 ,   0.691370E-05 )
    -5    -4    -1  (  -0.106342E-04 ,  -0.925468E-05 )
    -4    -4    -1  (  -0.300861E-04 ,  -0.989637E-04 )
    -3    -4    -1  (  -0.153755E-03 ,  -0.133845E-03 )
    -2    -4    -1  (   0.127636E-02 ,  -0.223984E-02 )
    -1    -4    -1  (   0.373356E-02 ,  -0.474420E-02 )
     0    -3    -1  (   0.190879E-01 ,  -0.205000E-01 )
     1    -3    -1  (   0.689368E-02 ,  -0.732239E-02 )
     2    -3    -1  (   0.164398E-03 ,  -0.185915E-03 )
     3    -3    -1  (  -0.198510E-03 ,   0.207065E-03 )
     4    -3    -1  (   0.616492E-04 ,  -0.648045E-04 )
    -7    -3    -1  (   0.151058E-04 ,  -0.242716E-04 )
    -6    -3    -1  (  -0.265048E-04 ,   0.271827E-04 )
    -5    -3    -1  (   0.411356E-04 ,  -0.408671E-04 )
    -4    -3    -1  (  -0.153755E-03 ,  -0.133845E-03 )
    -3    -3    -1  (  -0.359596E-02 ,   0.145178E-02 )
    -2    -3    -1  (  -0.257645E-02 ,  -0.224256E-02 )
    -1    -3    -1  (   0.152987E-01 ,  -0.181253E-01 )
     0    -2    -1  (   0.442950E-01 ,  -0.457310E-01 )
     1    -2    -1  (   0.282762E-01 ,  -0.300933E-01 )
     2    -2    -1  (   0.566287E-02 ,  -0.623805E-02 )
     3    -2    -1  (  -0.206607E-03 ,   0.181688E-03 )
     4    -2    -1  (  -0.459402E-04 ,   0.493456E-04 )
     5    -2    -1  (   0.344559E-04 ,  -0.384014E-04 )
    -7    -2    -1  (   0.264563E-04 ,  -0.295341E-04 )
    -6    -2    -1  (  -0.390481E-04 ,   0.615361E-04 )
    -5    -2    -1  (   0.926145E-04 ,   0.291679E-05 )
    -4    -2    -1  (   0.127636E-02 ,  -0.223984E-02 )
    -3    -2    -1  (  -0.257645E-02 ,  -0.224256E-02 )
    -2    -2    -1  (  -0.187382E-01 ,   0.138826E-01 )
    -1    -2    -1  (   0.247469E-02 ,   0.215463E-02 )
     0    -1    -1  (   0.198271E-02 ,   0.172596E-02 )
     1    -1    -1  (   0.356933E-01 ,  -0.392439E-01 )
     2    -1    -1  (   0.135077E-01 ,  -0.153324E-01 )
     3    -1    -1  (   0.120092E-02 ,  -0.134031E-02 )
     4    -1    -1  (  -0.210167E-03 ,   0.236486E-03 )
     5    -1    -1  (   0.495883E-04 ,  -0.497713E-04 )
    -7    -1    -1  (   0.212160E-04 ,  -0.225898E-04 )
    -6    -1    -1  (  -0.299737E-04 ,   0.431764E-04 )
    -5    -1    -1  (  -0.113639E-03 ,   0.142847E-03 )
    -4    -1    -1  (   0.373356E-02 ,  -0.474420E-02 )
    -3    -1    -1  (   0.152987E-01 ,  -0.181253E-01 )
    -2    -1    -1  (   0.247469E-02 ,   0.215463E-02 )
    -1    -1    -1  (  -0.709362E-01 ,   0.827351E-01 )
